4000.122,53.96845682,53.42936344,53.72173126,54.1302459,54.0082369,54.38135193,54.26002631
3999.64,53.98088495,53.43797593,53.73410257,54.13897137,54.02191808,54.39137027,54.27502098
3999.158,53.99331594,53.44782047,53.74523919,54.14769824,54.03560272,54.40139045,54.29001979
3998.676,54.00450628,53.45643594,53.75637811,54.15517954,54.04929083,54.41015962,54.30377235
3998.194,54.01321148,53.46382173,53.76504331,54.16266187,54.05924799,54.41767718,54.31502703
3997.711,54.02067419,53.47243977,53.77370991,54.16889794,54.06920699,54.42268947,54.32503315
3997.229,54.02689391,53.48105921,53.7799012,54.17638217,54.07667744,54.42644898,54.33504111
3996.747,54.0318702,53.4884484,53.78609319,54.18137223,54.08290361,54.42895547,54.34254829
3996.265,54.03560272,53.49707041,53.7910473,54.18636274,54.08788506,54.43020876,54.34880507
3995.783,54.03809121,53.50569382,53.79476318,54.19010593,54.09037595,54.43020876,54.35381101
3995.301,54.03809121,53.51431861,53.79847932,54.19135372,54.09411251,54.43020876,54.35631415
3994.819,54.0393355,53.5217124,53.80343457,54.19135372,54.0966037,54.43146208,54.36006909
3994.337,54.04182416,53.53157237,53.80839028,54.19135372,54.10034069,54.43647563,54.36257252
3993.855,54.04804631,53.54143416,53.81706387,54.19384938,54.10656958,54.44399683,54.36757973
3993.372,54.05675853,53.55253084,53.82697825,54.19759309,54.11279918,54.45528057,54.37383938
3992.89,54.06796201,53.56486319,53.8393738,54.20508128,54.12152184,54.4703292,54.38135193
3992.408,54.08165832,53.57719837,53.8517722,54.21257051,54.12899952,54.48663657,54.38886551
3991.926,54.0966037,53.5895364,53.86541374,54.22255775,54.13398522,54.50169387,54.39763266
3991.444,54.11030726,53.60064305,53.87781814,54.2312981,54.13772479,54.51424479,54.40640123
3990.962,54.12152184,53.61051757,53.88898454,54.2412888,54.13897137,54.52428761,54.41517122
3990.48,54.1302459,53.61915926,53.89891217,54.25003216,54.14146462,54.53056531,54.42394261
3989.998,54.13772479,53.62780234,53.90760035,54.25877694,54.14395798,54.535588,54.4339688
3989.516,54.14395798,53.63768186,53.91753141,54.2687727,54.15143876,54.53935531,54.44650412
3989.033,54.1501919,53.64632793,53.9274643,54.28002012,54.16266187,54.54312289,54.46155033
3988.551,54.15642653,53.65744635,53.93864099,54.29126988,54.17638217,54.54689072,54.47785507
3988.069,54.16266187,53.66733133,53.94982,54.30252197,54.19384938,54.55191491,54.4941647
3987.587,54.16889794,53.67721812,53.96100132,54.31377639,54.21132223,54.55693956,54.50796897
3987.105,54.17388731,53.68587057,53.97218496,54.32378228,54.22880072,54.56196467,54.51801063
3986.623,54.17887714,53.69205174,53.98212792,54.33128791,54.24253776,54.56824671,54.52554309
3986.141,54.18261981,53.69823362,53.98958634,54.33879457,54.25377975,54.57704278,54.52805415
3985.659,54.18636274,53.70317964,53.99580248,54.34505092,54.26377459,54.58584027,54.52805415
3985.176,54.19010593,53.70688945,53.99828914,54.35005651,54.2700223,54.59463917,54.52554309
3984.694,54.19384938,53.7093628,53.99828914,54.35506257,54.27502098,54.60218222,54.52177673
3984.212,54.19759309,53.71183626,53.99704579,54.36006909,54.27877029,54.60846889,54.51926597
3983.73,54.20133706,53.71554667,53.99331594,54.36382428,54.28002012,54.61224124,54.51675532
3983.248,54.20632942,53.72049429,53.98958634,54.36757973,54.28002012,54.61349875,54.51550004
3982.766,54.21132223,53.72667944,53.98461395,54.37133543,54.28002012,54.61349875,54.51675532
3982.284,54.21881232,53.73410257,53.98212792,54.37634345,54.27877029,54.61475629,54.52052134
3981.802,54.22755207,53.74152673,53.98088495,54.38260412,54.27877029,54.61601385,54.52428761
3981.32,54.23754207,53.75018953,53.98088495,54.38886551,54.28126998,54.61978672,54.53056531
3980.837,54.24753391,53.75885374,53.985857,54.39638013,54.28501973,54.62607542,54.53935531
3980.355,54.26002631,53.76628131,53.9945592,54.40514849,54.29377015,54.63488081,54.55065882
3979.873,54.27377127,53.77494811,54.00699333,54.41642419,54.30502275,54.64620412,54.56322102
3979.391,54.29001979,53.78485474,54.02564991,54.43020876,54.32002986,54.66130551,54.58081296
3978.909,54.30627319,53.79847932,54.04929083,54.44775781,54.33754339,54.68144719,54.59966776
3978.427,54.32503315,53.81458556,54.07667744,54.46656665,54.35631415,54.70411545,54.62104441
3977.945,54.34505092,53.83317567,54.10532374,54.48789119,54.37634345,54.73057363,54.64117125
3977.463,54.36382428,53.8530122,54.13273875,54.50922408,54.39387514,54.7557838,54.6600469
3976.98,54.38009976,53.87037516,54.15642653,54.52679861,54.407654,54.77848287,54.67515212
3976.498,54.39262269,53.88526215,54.17263992,54.54061114,54.41642419,54.7948825,54.68522458
3976.016,54.40013782,53.89394812,54.18137223,54.54814672,54.42018327,54.80245322,54.69026151
3975.534,54.40389578,53.89891217,54.18511507,54.55191491,54.42018327,54.80497702,54.69278014
3975.052,54.40640123,53.90139436,54.18261981,54.55317103,54.41767718,54.80245322,54.69403951
3974.57,54.40640123,53.90387667,54.18012467,54.55568335,54.41767718,54.79866773,54.69655832
3974.088,54.4089068,53.90760035,54.17638217,54.55945205,54.42143635,54.79740596,54.70159629
3973.606,54.41391827,53.91380705,54.17638217,54.56699024,54.43146208,54.79992953,54.70915412
3973.124,54.42143635,53.92373925,54.17887714,54.57829947,54.44525046,54.80623897,54.7179729
3972.641,54.43020876,53.93367329,54.18386743,54.59086804,54.46155033,54.81633558,54.72679311
3972.159,54.4402361,53.94485126,54.19135372,54.6034395,54.47785507,54.82643405,54.73561473
3971.677,54.44901153,53.95478919,54.20133706,54.61475629,54.4941647,54.83653438,54.74443778
3971.195,54.45778839,53.96348637,54.21132223,54.62481762,54.50671389,54.8453737,54.75200153
3970.713,54.46656665,53.97218496,54.22380629,54.63362281,54.51801063,54.85295139,54.75956632
3970.231,54.47660069,53.98212792,54.23629322,54.64117125,54.52679861,54.86053013,54.76839323
3969.749,54.48789119,53.99207271,54.24878302,54.64872073,54.535588,54.86937332,54.77722157
3969.267,54.50043893,54.00326279,54.26127571,54.65501276,54.54563475,54.88074522,54.78731283
3968.784,54.51424479,54.01569893,54.27252158,54.66256415,54.55568335,54.89211948,54.7948825
3968.302,54.52805415,54.02689391,54.28126998,54.66885777,54.5657338,54.9034961,54.80245322
3967.82,54.54061114,54.03809121,54.28876973,54.67389319,54.57704278,54.91487508,54.80750094
3967.338,54.55065882,54.04929083,54.29502032,54.68018812,54.5883541,54.9249917,54.81254913
3966.856,54.55819579,54.06049276,54.30127163,54.68522458,54.59841057,54.9325804,54.81759779
3966.374,54.5657338,54.07169703,54.30877414,54.69152081,54.60846889,54.93890511,54.82264691
3965.892,54.5695032,54.08290361,54.31752839,54.69907725,54.61852907,54.94270028,54.82895896
3965.41,54.57452947,54.09411251,54.32628404,54.70537507,54.62607542,54.94649572,54.83527174
3964.928,54.57704278,54.10283216,54.33629224,54.71167362,54.63362281,54.94902616,54.84158525
3964.445,54.58081296,54.11030726,54.34505092,54.7179729,54.63865499,54.94902616,54.84789948
3963.963,54.58332655,54.11653729,54.35381101,54.72175281,54.64242942,54.94902616,54.85168837
3963.481,54.58584027,54.11902951,54.36132079,54.7242729,54.64368763,54.94776093,54.85421444
3962.999,54.58584027,54.12027566,54.36757973,54.72553299,54.64368763,54.94523055,54.85800377
3962.517,54.58584027,54.11902951,54.3725874,54.7242729,54.64242942,54.9439654,54.86053013
3962.035,54.5845834,54.11778339,54.37634345,54.72301284,54.6399131,54.9439654,54.86558321
3961.553,54.58332655,54.11653729,54.38135193,54.7242729,54.6373969,54.94649572,54.87442721
3961.071,54.5845834,54.11653729,54.38636087,54.72679311,54.6373969,54.95155671,54.88580016
3960.589,54.58961105,54.12027566,54.39262269,54.73435441,54.63865499,54.96041457,54.90096776
3960.106,54.59841057,54.12775317,54.40139045,54.74821953,54.64494586,54.97433695,54.91993316
3959.624,54.61349875,54.13897137,54.41266536,54.76587111,54.65375429,54.99206144,54.9414352
3959.142,54.63236484,54.15268566,54.42519578,54.78605132,54.66634023,55.0110583,54.96547685
3958.66,54.65501276,54.16640343,54.43898258,54.80876295,54.68018812,55.03132886,54.98826285
3958.178,54.67767006,54.17887714,54.45151906,54.82895896,54.6952989,55.04780419,55.00852501
3957.696,54.69781777,54.18761045,54.46280436,54.8453737,54.70915412,55.0617487,55.02372653
3957.214,54.71419325,54.19384938,54.4703292,54.85674063,54.71923284,55.06935629,55.03386321
3956.732,54.72679311,54.19634516,54.47534633,54.86305661,54.72553299,55.0744286,55.03893225
3956.249,54.73435441,54.19884105,54.47910949,54.86684655,54.72931343,55.0744286,55.03893225
3955.767,54.73813546,54.20133706,54.4816184,54.86937332,54.73183386,55.0744286,55.03893225
3955.285,54.7406563,54.20757758,54.48538199,54.87316369,54.73435441,55.07316048,55.03893225
3954.803,54.74191677,54.21631551,54.48914583,54.87695433,54.7406563,55.07569675,55.04019958
3954.321,54.74317726,54.22755207,54.49541949,54.88200891,54.74948017,55.07950137,55.04400175
3953.839,54.74569834,54.24003986,54.50294883,54.88706397,54.76334911,55.085843,55.04907173
3953.357,54.74695892,54.25253053,54.50922408,54.89085556,54.77848287,55.0947225,55.05414217
3952.875,54.74948017,54.26252513,54.51550004,54.89338344,54.79362082,55.10614111,55.0579453
3952.393,54.75074083,54.2700223,54.52052134,54.89338344,54.80876295,55.11756209,55.06048087
3951.91,54.75074083,54.27377127,54.52428761,54.89211948,54.82138458,55.12898543,55.0617487
3951.428,54.74948017,54.27627072,54.52805415,54.88706397,54.82895896,55.13787189,55.06048087
3950.946,54.74695892,54.27627072,54.52930972,54.87948156,54.83148399,55.14295051,55.05921307
3950.464,54.74191677,54.27252158,54.52805415,54.86810992,54.82895896,55.14295051,55.05414217
3949.982,54.73309412,54.26627358,54.52303216,54.85042538,54.82012229,55.13406323,55.04653668
3949.5,54.72049281,54.25627829,54.51298957,54.82895896,54.80623897,55.11629298,55.03639767
3949.018,54.70663472,54.24378676,54.49918403,54.80497702,54.78857437,55.0947225,55.02245957
3948.536,54.69152081,54.2312981,54.48538199,54.78352839,54.77217663,55.07189238,55.00979164
3948.053,54.68144719,54.22130925,54.47409201,54.76839323,54.75956632,55.05540985,55.00219228
3947.571,54.68018812,54.22006077,54.47158344,54.76713216,54.7557838,55.05033929,55.00219228
3947.089,54.69026151,54.22880072,54.47910949,54.78100557,54.76334911,55.05921307,55.01359172
3946.607,54.71041386,54.24878302,54.49792915,54.81002498,54.78100557,55.07950137,55.03513042
3946.125,54.73687508,54.27877029,54.52428761,54.84663658,54.80497702,55.10994784,55.06428445
3945.643,54.7646101,54.31127521,54.55442717,54.88706397,54.83148399,55.14041114,55.09599112
3945.161,54.79235916,54.34379959,54.58332655,54.92625641,54.85547752,55.16708034,55.12517739
3944.679,54.81254913,54.37133543,54.6072115,54.95788361,54.8719002,55.18613767,55.14675978
3944.197,54.82517164,54.38886551,54.62355986,54.98066647,54.87948156,55.19503334,55.16072936
3943.714,54.82769649,54.39763266,54.63236484,54.99079521,54.87569075,55.19376244,55.16326967
3943.232,54.82138458,54.39387514,54.62984899,54.99079521,54.86431989,55.18359631,55.15564911
3942.75,54.81002498,54.38260412,54.62104441,54.98193246,54.84789948,55.16962094,55.14041114
3942.268,54.79740596,54.3700835,54.60972631,54.96927386,54.83400913,55.15691913,55.1239081
3941.786,54.79109754,54.36132079,54.59966776,54.95914908,54.82769649,55.15183922,55.11248581
3941.304,54.7948825,54.36257252,54.59841057,54.95788361,54.83527174,55.15818918,55.10994784
3940.822,54.81128704,54.37634345,54.6046968,54.96927386,54.85547752,55.17724343,55.11883123
3940.34,54.83400913,54.39638013,54.61978672,54.98952902,54.88453638,55.20393044,55.13660231
3939.857,54.86305661,54.42018327,54.6373969,55.01612524,54.91740406,55.23317389,55.16072936
3939.375,54.89085556,54.44274322,54.65752977,55.0452692,54.94902616,55.26116037,55.18359631
3938.893,54.91613956,54.45904234,54.67515212,55.07316048,54.9756028,55.28406896,55.20520158
3938.411,54.93764011,54.4703292,54.68900223,55.0947225,54.99459398,55.29934662,55.22427207
3937.929,54.95535276,54.47534633,54.70033675,55.11121681,55.00599183,55.30953407,55.23826129
3937.447,54.96927386,54.47785507,54.70789441,55.12010041,55.00979164,55.31590219,55.24843749
3936.965,54.98193246,54.48036393,54.71419325,55.1239081,55.00852501,55.31972341,55.25861556
3936.483,54.99332769,54.48663657,54.72049281,55.1239081,55.00599183,55.32354489,55.26879551
3936.001,55.00345877,54.4941647,54.72679311,55.12136961,55.00345877,55.32991461,55.2802502
3935.518,55.0110583,54.50545884,54.73183386,55.11883123,55.00092583,55.33628507,55.29043414
3935.036,55.01359172,54.51424479,54.73435441,55.11502389,55.00092583,55.34265626,55.29934662
3934.554,55.0110583,54.52052134,54.73183386,55.10740999,55.00092583,55.34520495,55.30571356
3934.072,55.00219228,54.52052134,54.7242729,55.09725977,55.00219228,55.34520495,55.30571356
3933.59,54.98573061,54.51550004,54.71293342,55.08330626,55.00092583,55.33883346,55.30061995
3933.108,54.96547685,54.50420382,54.69655832,55.06555236,54.998393,55.32736664,55.28788798
3932.626,54.9414352,54.49040051,54.68018812,55.04653668,54.99332769,55.31335485,55.27134079
3932.144,54.91993316,54.47534633,54.66634023,55.03006173,54.98699672,55.29934662,55.25098183
3931.662,54.90223192,54.46280436,54.65752977,55.01992575,54.98066647,55.28788798,55.23317389
3931.179,54.89211948,54.45528057,54.65627125,55.01865889,54.97813457,55.28152309,55.21918596
3930.697,54.8883278,54.45277287,54.6600469,55.02499351,54.97940051,55.27897734,55.21155768
3930.215,54.89085556,54.45402671,54.66885777,55.03893225,54.98446453,55.27897734,55.20901515
3929.733,54.89970363,54.45904234,54.68270629,55.05540985,54.99586029,55.28152309,55.21282898
3929.251,54.91234621,54.46907499,54.70033675,55.07569675,55.012325,55.28661494,55.2230005
3928.769,54.93131554,54.48538199,54.72301284,55.09852845,55.03386321,55.29552681,55.24080516
3928.287,54.95535276,54.50922408,54.75074083,55.1239081,55.06048087,55.30953407,55.2637053
3927.805,54.98319848,54.53935531,54.78478984,55.15056932,55.08964833,55.32736664,55.29298041
3927.322,55.012325,54.57452947,54.82012229,55.17978449,55.11883123,55.34902819,55.32354489
3926.84,55.04019958,54.60972631,54.85421444,55.20520158,55.14422024,55.3719732,55.3528517
3926.358,55.0617487,54.6399131,54.88327263,55.2268153,55.16326967,55.3911013,55.37579829
3925.876,55.0744286,54.6600469,54.9034961,55.24080516,55.17089128,55.40385704,55.38727515
3925.394,55.07569675,54.66759899,54.91108182,55.24334915,55.16581009,55.40768434,55.38472453
3924.912,55.06555236,54.66130551,54.90728883,55.23571753,55.14929944,55.40258134,55.37069822
3924.43,55.05033929,54.64620412,54.89591143,55.22045744,55.12898543,55.39492772,55.35030266
3923.948,55.03386321,54.6285911,54.88327263,55.20520158,55.11121681,55.3911013,55.32991461
3923.466,55.02499351,54.61978672,54.87695433,55.19376244,55.10487226,55.39747881,55.31972341
3922.983,55.02626052,54.62230212,54.87948156,55.19376244,55.11248581,55.41661572,55.32481877
3922.501,55.03639767,54.63613884,54.8883278,55.20138827,55.13025484,55.44597183,55.34520495
3922.019,55.05414217,54.65752977,54.89970363,55.21664308,55.15437911,55.4817307,55.37707338
3921.537,55.07316048,54.68270629,54.90981746,55.23571753,55.17724343,55.51879098,55.41533972
3921.055,55.09091683,54.70537507,54.91613956,55.25607087,55.19376244,55.55331763,55.4561863
3920.573,55.10740999,54.72175281,54.91740406,55.27643171,55.20265934,55.58402601,55.49578513
3920.091,55.12136961,54.73057363,54.91487508,55.29552681,55.20138827,55.60834885,55.52774027
3919.609,55.13279374,54.73057363,54.91108182,55.31335485,55.19503334,55.62627776,55.55203848
3919.126,55.14295051,54.72175281,54.90728883,55.32609269,55.18613767,55.63780653,55.56611073
3918.644,55.15183922,54.70915412,54.90728883,55.33628507,55.18105507,55.64164999,55.5673902
3918.162,55.16326967,54.6952989,54.91108182,55.3401077,55.18359631,55.63908765,55.55843451
3917.68,55.17470248,54.68396542,54.91740406,55.33883346,55.19376244,55.63012041,55.54180636
3917.198,55.18613767,54.67767006,54.92752115,55.33501092,55.2102864,55.61603196,55.52006936
3916.716,55.20011722,54.67892907,54.93890511,55.32864061,55.23063037,55.59938657,55.49834087
3916.234,55.21410032,54.68900223,54.95155671,55.32609269,55.25225405,55.58658581,55.48428578
3915.752,55.23063037,54.70789441,54.96927386,55.32991461,55.27515894,55.58018654,55.47917573
3915.27,55.24843749,54.73435441,54.98952902,55.34138197,55.29934662,55.58402601,55.48684099
3914.787,55.26752292,54.76713216,55.01359172,55.36177424,55.3209972,55.59554603,55.50345269
3914.305,55.28534193,54.80245322,55.04019958,55.38599983,55.34393059,55.61347081,55.52646171
3913.823,55.30189331,54.83779706,55.06808828,55.41533972,55.36559863,55.63524437,55.55331763
3913.341,55.3171759,54.87316369,55.09599112,55.44597183,55.38727515,55.65830803,55.58018654
3912.859,55.33118865,54.90602456,55.12263884,55.47662088,55.41023601,55.68266338,55.60834885
3912.377,55.34520495,54.93637514,55.1480296,55.50600878,55.43065366,55.70446404,55.63524437
3911.895,55.35795012,54.96421124,55.17089128,55.53157612,55.44980204,55.723707,55.66215291
3911.413,55.37069822,54.98573061,55.18867914,55.55459681,55.46640265,55.73910616,55.68650993
3910.93,55.38344927,55.00092583,55.20265934,55.57122879,55.47917573,55.75065832,55.7083121
3910.448,55.39747881,55.012325,55.21410032,55.58402601,55.48939631,55.75836109,55.72883958
3909.966,55.41023601,55.01992575,55.2230005,55.59298582,55.49961878,55.76478087,55.74552373
3909.484,55.42554854,55.02499351,55.23190211,55.59938657,55.50984313,55.7686331,55.76092891
3909.002,55.43831222,55.03006173,55.24080516,55.60194707,55.51879098,55.7712014,55.7712014
3908.52,55.44980204,55.03259602,55.24843749,55.60322737,55.52518318,55.7724856,55.77633836
3908.038,55.45746324,55.03259602,55.25352629,55.59938657,55.52774027,55.76991724,55.77505407
3907.556,55.45874021,55.02879463,55.25479856,55.59042573,55.52646171,55.76606492,55.767349
3907.074,55.45490939,55.02245957,55.25479856,55.57762703,55.52006936,55.75964499,55.75450957
3906.591,55.44980204,55.01359172,55.25225405,55.56483128,55.51239951,55.75322579,55.73910616
3906.109,55.44341851,55.00472529,55.25098183,55.55203848,55.50600878,55.74937463,55.72242393
3905.627,55.43831222,54.99712663,55.25098183,55.54308527,55.50217469,55.74809096,55.70959484
3905.145,55.43193001,54.98826285,55.25225405,55.53669101,55.49706298,55.74809096,55.69676871
3904.663,55.42299616,54.97813457,55.24970964,55.53157612,55.48811864,55.74552373,55.68266338
3904.181,55.40640854,54.96294565,55.24080516,55.52262621,55.47278882,55.73525597,55.66599804
3903.699,55.38472453,54.9439654,55.22554367,55.50984313,55.44980204,55.71985788,55.64549371
3903.217,55.36177424,54.9249917,55.20647274,55.49578513,55.42682478,55.70189881,55.62499693
3902.735,55.34520495,54.91108182,55.18867914,55.48556337,55.40896016,55.68779218,55.60834885
3902.252,55.33628507,54.90476032,55.17597294,55.4804532,55.40130566,55.68266338,55.60066681
3901.77,55.33883346,54.90602456,55.17216165,55.48300823,55.40640854,55.68650993,55.59938657
3901.288,55.35030266,54.91487508,55.17343205,55.49450731,55.42172002,55.6993337,55.60578805
3900.806,55.36559863,54.92625641,55.17851395,55.51239951,55.44214189,55.71729194,55.61603196
3900.324,55.38344927,54.94017014,55.18486697,55.53413351,55.4651255,55.73782273,55.63012041
3899.842,55.39747881,54.95282204,55.18994992,55.55715525,55.48300823,55.75579338,55.64421244
3899.36,55.40896016,54.96547685,55.19376244,55.57762703,55.49578513,55.767349,55.65958963
3898.878,55.41533972,54.97940051,55.19757522,55.59298582,55.50217469,55.77376982,55.67497107
3898.395,55.42172002,54.99459398,55.20393044,55.60578805,55.50600878,55.77505407,55.69163909
3897.913,55.42937734,55.01359172,55.21664308,55.61603196,55.50984313,55.77762267,55.71216042
3897.431,55.44086531,55.03513042,55.23444569,55.62499693,55.51879098,55.78276021,55.73653933
3896.949,55.45490939,55.06048087,55.25861556,55.63652544,55.53157612,55.79175206,55.76349686
3896.467,55.47023426,55.085843,55.28661494,55.64805634,55.54692219,55.80588503,55.79175206
3895.985,55.48811864,55.11121681,55.3146285,55.66087125,55.56483128,55.82516302,55.82002157
3895.503,55.50473072,55.13279374,55.34265626,55.67625304,55.58274616,55.84573356,55.84701947
3895.021,55.52134777,55.15183922,55.36687348,55.69163909,55.60066681,55.86759807,55.8727439
3894.539,55.5379698,55.16835063,55.38727515,55.70702938,55.61603196,55.88689738,55.89590601
3894.056,55.55331763,55.17978449,55.40385704,55.72242393,55.6288395,55.9049161,55.91650262
3893.574,55.56611073,55.18740839,55.41533972,55.73782273,55.63908765,55.91650262,55.93453088
3893.092,55.57890677,55.18994992,55.42299616,55.75194204,55.64677501,55.92294062,55.94741176
3892.61,55.58658581,55.18867914,55.42554854,55.76349686,55.65061908,55.92294062,55.9577186
3892.128,55.59042573,55.18105507,55.42427234,55.76991724,55.6519005,55.91521511,55.96029561
3891.646,55.59042573,55.16962094,55.41916781,55.7724856,55.6519005,55.9049161,55.95900709
3891.164,55.59042573,55.16072936,55.41406375,55.77376982,55.65318195,55.89848017,55.95514172
3890.682,55.59682618,55.15945925,55.41789175,55.78019138,55.66215291,55.90105445,55.95514172
3890.199,55.61347081,55.17089128,55.43065366,55.79432142,55.68266338,55.91907773,55.96158416
3889.717,55.63524437,55.19122073,55.45235565,55.81231029,55.7083121,55.94612354,55.97318243
3889.235,55.65446343,55.2102864,55.47151153,55.82901942,55.7301228,55.97318243,55.98220497
3888.753,55.6647163,55.22045744,55.48428578,55.83673302,55.74295661,55.99251822,55.98607222
3888.271,55.66727982,55.2230005,55.48811864,55.83930446,55.74680733,56.00283337,55.98349402
3887.789,55.66856162,55.2230005,55.49067402,55.83930446,55.74680733,56.01057099,55.98349402
3887.307,55.67625304,55.2268153,55.49961878,55.84701947,55.75194204,56.02346938,55.99380751
3886.825,55.69548626,55.24080516,55.51495601,55.86245271,55.76478087,56.04153213,56.01572999
3886.343,55.72114089,55.25861556,55.53413351,55.88046354,55.78147578,56.06218239,56.04540347
3885.86,55.74552373,55.27006814,55.54564318,55.88947113,55.79175206,56.07251038,56.06734615
3885.378,55.75707722,55.26752292,55.54308527,55.88175025,55.78789823,56.06734615,56.07380151
3884.896,55.75579338,55.25607087,55.53029748,55.85988021,55.7724856,56.04798452,56.06089153
3884.414,55.74937463,55.23953321,55.51239951,55.83544735,55.75579338,56.02475938,56.03766105
3883.932,55.73782273,55.2268153,55.49578513,55.81231029,55.7416731,56.0041229,56.00799166
3883.45,55.72114089,55.21282898,55.47789829,55.79175206,55.72755639,55.98349402,55.97447127
3882.968,55.69676871,55.19884621,55.45746324,55.7712014,55.71472612,55.96158416,55.93581883
3882.486,55.66984345,55.18613767,55.43703572,55.75322579,55.70318141,55.93839483,55.89719308
3882.003,55.64421244,55.17724343,55.41661572,55.73910616,55.69805119,55.91907773,55.863739
3881.521,55.61987391,55.17216165,55.40003001,55.72883958,55.69676871,55.90105445,55.83801872
3881.039,55.59682618,55.16835063,55.38344927,55.71857489,55.69805119,55.88689738,55.82002157
3880.557,55.57634732,55.16453986,55.36687348,55.70959484,55.69805119,55.87403043,55.80845504
3880.075,55.56483128,55.16453986,55.35795012,55.70702938,55.70061624,55.86759807,55.80974009
3879.593,55.57250838,55.17724343,55.3643238,55.71857489,55.71216042,55.88046354,55.8315905
3879.111,55.6045077,55.20901515,55.39492772,55.75450957,55.7416731,55.91907773,55.87660359
3878.629,55.65830803,55.25861556,55.44597183,55.80974009,55.78532916,55.97576015,55.93968287
3878.147,55.72242393,55.3146285,55.50473072,55.87403043,55.8341617,56.04024174,56.00799166
3877.664,55.78147578,55.36559863,55.56099313,55.93324295,55.87789021,56.0996304,56.06863716
3877.182,55.83030495,55.40513278,55.60578805,55.97962695,55.91006537,56.14356681,56.11384136
3876.7,55.86631168,55.4332064,55.63908765,56.01315043,55.93195506,56.17460147,56.14615238
3876.218,55.89333197,55.45235565,55.66343459,56.03766105,55.94741176,56.19271294,56.1668412
3875.736,55.91392763,55.46640265,55.68138125,56.05443765,55.9577186,56.20435911,56.18236281
3875.254,55.92680377,55.47406614,55.69292145,56.06476421,55.96416135,56.20694748,56.19012523
3874.772,55.92680377,55.47151153,55.69292145,56.06218239,55.96158416,56.19918274,56.18753764
3874.29,55.91006537,55.45235565,55.67881709,56.04411299,55.94483535,56.17718846,56.17201459
3873.808,55.87789021,55.4204439,55.65061908,56.01186069,55.91521511,56.14227407,56.14356681
3873.325,55.84187601,55.38344927,55.61859323,55.97447127,55.88303699,56.10608948,56.1125493
3872.843,55.81231029,55.35157717,55.59298582,55.94225905,55.85730782,56.07638387,56.08800593
3872.361,55.79560615,55.3337368,55.58018654,55.92165296,55.84444768,56.06089153,56.07767509
3871.879,55.7968909,55.3337368,55.58402601,55.91779016,55.84701947,56.05960069,56.08413164
3871.397,55.8148806,55.35412626,55.60194707,55.93066719,55.86631168,56.07121928,56.10608948
3870.915,55.84444768,55.38727515,55.6288395,55.95643015,55.89461898,56.09188048,56.13839604
3870.433,55.87017092,55.42299616,55.65318195,55.98349402,55.92165296,56.10996528,56.16942784
3869.951,55.88303699,55.44597183,55.6647163,56.00154388,55.93324295,56.12030207,56.18495017
3869.468,55.88046354,55.45363251,55.66215291,56.00799166,55.93195506,56.12288657,56.18495017
3868.986,55.87660359,55.45746324,55.66087125,56.01444019,55.93066719,56.13451827,56.18236281
3868.504,55.88561056,55.46895703,55.67368912,56.02991969,55.94354718,56.16425468,56.19012523
3868.022,55.9049161,55.48684099,55.69676871,56.04927508,55.96673865,56.20435911,56.20694748
3867.54,55.92294062,55.50345269,55.71985788,56.06476421,55.99122896,56.23931211,56.22248018
3867.058,55.93453088,55.51239951,55.73525597,56.06863716,56.00799166,56.26003526,56.2315429
3866.576,55.94097095,55.51879098,55.74680733,56.06863716,56.02217941,56.26780841,56.23801717
3866.094,55.94612354,55.52774027,55.75836109,56.0699282,56.03637075,56.27039969,56.2470824
3865.612,55.9512766,55.53924862,55.7686331,56.07251038,56.05056568,56.26910404,56.25744445
3865.129,55.94612354,55.54436421,55.7712014,56.07251038,56.05572837,56.26003526,56.2639217
3864.647,55.92680377,55.53541224,55.76092891,56.06089153,56.04540347,56.23801717,56.25744445
3864.165,55.89204499,55.50984313,55.73525597,56.03766105,56.01830967,56.20565328,56.23672226
3863.683,55.85216341,55.4753435,55.70318141,56.00928131,55.98220497,56.17330802,56.20694748
3863.201,55.81873628,55.44341851,55.67625304,55.98607222,55.94870001,56.14873807,56.17977558
3862.719,55.80074535,55.42172002,55.66087125,55.97704905,55.92680377,56.13710342,56.16166828
3862.237,55.79946051,55.41533972,55.65958963,55.98349402,55.92036533,56.13968869,56.1552028
3861.755,55.8148806,55.42172002,55.6724072,56.00799166,55.92937935,56.15261682,56.16296146
3861.272,55.84573356,55.44214189,55.69805119,56.04540347,55.95385332,56.17718846,56.18236281
3860.79,55.88561056,55.47278882,55.73140605,56.09188048,55.98865053,56.20953596,56.21341891
3860.308,55.93066719,55.50984313,55.76991724,56.14098137,56.03120984,56.24449218,56.24967273
3859.826,55.97576015,55.54948027,55.80974009,56.18624389,56.07251038,56.27947014,56.28594993
3859.344,56.01186069,55.58274616,55.84187601,56.22248018,56.10867332,56.30928334,56.31706329
3858.862,56.03637075,55.60834885,55.863739,56.24190209,56.13322574,56.32743823,56.33911233
3858.38,56.04540347,55.61859323,55.8714574,56.24578728,56.14098137,56.33132933,56.3468964
3857.898,56.03895138,55.61475137,55.863739,56.23413252,56.13193324,56.32095367,56.3417069
3857.416,56.01959955,55.59810636,55.84316183,56.20953596,56.10867332,56.30020808,56.32614126
3856.933,55.99638618,55.57634732,55.81745103,56.18365648,56.08025762,56.27687844,56.30669026
3856.451,55.98607222,55.56227249,55.80074535,56.17201459,56.05830989,56.26780841,56.29891174
3855.969,56.00670205,55.57634732,55.81231029,56.19012523,56.06476421,56.29113429,56.31836005
3855.487,56.07509267,55.63396334,55.87017092,56.25614909,56.11642555,56.36506342,56.38453459
3855.005,56.19918274,55.74680733,55.9847831,56.37804345,56.22377476,56.49760006,56.50670713
3854.523,56.36895712,55.9049161,56.14615238,56.54445207,56.37934162,56.67741052,56.67219058
3854.041,56.54054625,56.06734615,56.31446985,56.71135187,56.5431501,56.86041171,56.84339389
3853.559,56.64479377,56.1681345,56.42739483,56.81591432,56.65131562,56.97574335,56.95475657
3853.076,56.63827268,56.16425468,56.43649059,56.81198975,56.66044747,56.97574335,56.96131411
3852.594,56.54966025,56.08154893,56.36636129,56.73094266,56.59525226,56.89184262,56.89053265
3852.112,56.45338659,55.99122896,56.28206197,56.64088102,56.51971978,56.79629418,56.8054494
3851.63,56.3858329,55.92809155,56.22118562,56.57701104,56.46638696,56.72702396,56.74139385
3851.148,56.3417069,55.88561056,56.17848201,56.53013206,56.42739483,56.67871559,56.69307324
3850.666,56.30280086,55.84573356,56.13710342,56.48589313,56.38842963,56.63436038,56.64348949
3850.184,56.2639217,55.80203022,56.09446367,56.43908964,56.34559898,56.59003988,56.59003988
3849.702,56.22636402,55.76092891,56.05443765,56.39232494,56.3040973,56.54835816,56.53794252
3849.22,56.19659473,55.72627323,56.02088946,56.35338395,56.27039969,56.51581567,56.49239668
3848.737,56.17848201,55.70446404,55.99896497,56.32743823,56.24967273,56.49499831,56.45858638
3848.255,56.17201459,55.69676871,55.98993973,56.31576656,56.24190209,56.48849446,56.43908964
3847.773,56.17848201,55.70318141,55.99380751,56.31836005,56.2470824,56.49499831,56.43389165
3847.291,56.19659473,55.71985788,56.00799166,56.33262642,56.26133071,56.50930942,56.44038921
3846.809,56.22118562,55.74424015,56.02991969,56.35597918,56.28206197,56.53013206,56.45728639
3846.327,56.24967273,55.7724856,56.05572837,56.3858329,56.30539376,56.55356669,56.48069082
3845.845,56.27558263,55.79817569,56.08025762,56.41570244,56.32614126,56.57440564,56.50540603
3845.363,56.29372666,55.81745103,56.09833867,56.44168882,56.3404096,56.58743387,56.52752881
3844.881,56.29891174,55.82387762,56.10350576,56.45598643,56.34300423,56.59003988,56.54184816
3844.398,56.28854205,55.81745103,56.09317206,56.45728639,56.33262642,56.57701104,56.54575407
3843.916,56.26651281,55.80203022,56.07121928,56.44558781,56.31057992,56.5548689,56.53924437
3843.434,56.23801717,55.78404467,56.04540347,56.42609556,56.28465391,56.52883042,56.52622723
3842.952,56.21212457,55.7712014,56.02217941,56.40790886,56.26133071,56.50410496,56.51321308
3842.47,56.19400684,55.76349686,56.00799166,56.39232494,56.24578728,56.48589313,56.50280392
3841.988,56.18236281,55.76221287,56.00154388,56.38063982,56.23672226,56.47418862,56.49369748
3841.506,56.17330802,55.75707722,55.99638618,56.37025507,56.2276587,56.46118645,56.48199136
3841.024,56.16166828,55.74552373,55.98865053,56.35597918,56.21471329,56.44298845,56.46248653
3840.541,56.14356681,55.72242393,55.97060483,56.33522069,56.19659473,56.41830054,56.43649059
3840.059,56.12030207,55.69292145,55.94483535,56.30928334,56.17201459,56.38842963,56.40401248
3839.577,56.09833867,55.66343459,55.91650262,56.28594993,56.15132387,56.36376558,56.37674531
3839.095,56.08671447,55.64677501,55.89719308,56.27169538,56.14098137,56.35208638,56.36117
3838.613,56.09446367,55.65061908,55.89461898,56.27428685,56.15261682,56.36376558,56.36895712
3838.131,56.12547118,55.68138125,55.91650262,56.30020808,56.18753764,56.40141504,56.40401248
3837.649,56.17848201,55.73140605,55.96158416,56.3468964,56.24449218,56.4598864,56.46248653
3837.167,56.24060709,55.78918281,56.01830967,56.40141504,56.31057992,56.52492568,56.53013206
3836.685,56.29502288,55.83801872,56.07121928,56.45208672,56.36636129,56.58091938,56.58873686
3836.202,56.33003227,55.86502533,56.10867332,56.48459251,56.40011636,56.61349935,56.62523273
3835.72,56.3417069,55.87017092,56.12417886,56.49760006,56.40920772,56.61871389,56.63566445
3835.238,56.33522069,55.85602168,56.12288657,56.49369748,56.3975191,56.6017684,56.62523273
3834.756,56.31836005,55.83544735,56.1125493,56.47939032,56.37674531,56.57570832,56.60437507
3834.274,56.30150446,55.81745103,56.10350576,56.46378665,56.35727684,56.55096237,56.58482799
3833.792,56.29113429,55.80460006,56.0996304,56.45338659,56.3468964,56.53403716,56.57180035
3833.31,56.28983816,55.80074535,56.10350576,56.44688753,56.34559898,56.52752881,56.57180035
3832.828,56.29631914,55.80331513,56.11125728,56.44558781,56.35338395,56.53143373,56.57961657
3832.345,56.30798678,55.80845504,56.12030207,56.44688753,56.36636129,56.5431501,56.59525226
3831.863,56.3235474,55.81745103,56.13064077,56.45208672,56.3832363,56.5613804,56.61610656
3831.381,56.34300423,55.83030495,56.14356681,56.46248653,56.40401248,56.58482799,56.64218524
3830.899,56.36636129,55.85216341,56.16166828,56.48069082,56.42999347,56.61480294,56.67088567
3830.417,56.39232494,55.88175025,56.18624389,56.50670713,56.45858638,56.65001119,56.70221182
3829.935,56.41959964,55.91521511,56.21471329,56.5366407,56.48719378,56.68524134,56.73224895
3829.453,56.44168882,55.94741176,56.24449218,56.56528765,56.51321308,56.71657542,56.75707424
3828.971,56.45598643,55.97189361,56.26780841,56.58613091,56.53013206,56.73747443,56.77275897
3828.489,56.46378665,55.98736136,56.28594993,56.59785862,56.53794252,56.7492335,56.77668083
3828.006,56.46378665,55.99122896,56.29631914,56.6017684,56.53794252,56.75054022,56.77406622
3827.524,56.46248653,55.98865053,56.30150446,56.60046511,56.53403716,56.74531354,56.76622314
3827.042,56.46118645,55.98220497,56.30150446,56.59785862,56.52752881,56.73747443,56.75707424
3826.56,56.4598864,55.97447127,56.29891174,56.59655543,56.52232267,56.72702396,56.7492335
3826.078,56.4598864,55.97060483,56.29502288,56.59916185,56.51971978,56.71918737,56.74400695
3825.596,56.46248653,55.97060483,56.29243046,56.60567845,56.52102121,56.71265771,56.74270038
3825.114,56.46508679,55.97576015,56.28983816,56.61349935,56.52492568,56.70874028,56.74400695
3824.632,56.46638696,55.98220497,56.28854205,56.62132134,56.52883042,56.70482311,56.74400695
3824.149,56.46768716,55.98993973,56.28983816,56.62784048,56.53273543,56.70221182,56.74270038
3823.667,56.47288827,56.00283337,56.29761542,56.63696855,56.54054625,56.70482311,56.74400695
3823.185,56.48589313,56.02346938,56.31576656,56.65262008,56.55877571,56.71657542,56.75446054
3822.703,56.51061061,56.05443765,56.3468964,56.67871559,56.58743387,56.74008734,56.77275897
3822.221,56.53794252,56.08929742,56.38063982,56.70743452,56.61871389,56.76753024,56.79629418
3821.739,56.54835816,56.10867332,56.39881772,56.71918737,56.63436038,56.77929555,56.80283347
3821.257,56.52232267,56.09188048,56.37934162,56.69698959,56.61349935,56.75315374,56.77668083
3820.775,56.46248653,56.04024174,56.32095367,56.64088102,56.55356669,56.69307324,56.71788138
3820.293,56.3975191,55.98349402,56.25485376,56.57961657,56.48589313,56.6291444,56.65392457
3819.81,56.35987225,55.95256495,56.21212457,56.54575407,56.44298845,56.59394912,56.61349935
3819.328,56.35468155,55.9512766,56.20177087,56.53924437,56.42999347,56.59264601,56.6017684
3818.846,56.36895712,55.96673865,56.21212457,56.55096237,56.43649059,56.61349935,56.6082853
3818.364,56.39102647,55.98993973,56.2315429,56.56659013,56.45208672,56.64218524,56.6200176
3817.882,56.41959964,56.01830967,56.26003526,56.58873686,56.47939032,56.67741052,56.64088102
3817.4,56.4598864,56.05830989,56.30020808,56.6226251,56.52102121,56.72441164,56.67741052
3816.918,56.51321308,56.10996528,56.35468155,56.66958079,56.57961657,56.78321786,56.7296364
3816.436,56.57440564,56.1681345,56.41570244,56.72441164,56.64609808,56.84601168,56.79498642
3815.954,56.63175233,56.22118562,56.47158795,56.77668083,56.7061288,56.90101324,56.86303029
3815.471,56.6813258,56.26262619,56.51711701,56.81853085,56.75446054,56.94426608,56.92329091
3814.989,56.72179945,56.29372666,56.55096237,56.8525567,56.78975564,56.97705528,56.97443145
3814.507,56.75446054,56.31576656,56.57701104,56.87743463,56.81198975,57.00330022,57.01511439
3814.025,56.77537351,56.32614126,56.58873686,56.89053265,56.82245587,57.02036592,57.04006346
3813.543,56.77929555,56.32095367,56.58482799,56.88791281,56.81722257,57.02167888,57.04400378
3813.061,56.76883738,56.30539376,56.56659013,56.87350582,56.80021767,57.01117606,57.03218363
3812.579,56.75315374,56.28724598,56.5431501,56.85648407,56.78191039,56.99673785,57.01380159
3812.097,56.73878087,56.27687844,56.52362416,56.84732063,56.77014454,56.98492749,57.00067518
3811.614,56.73355528,56.27687844,56.51321308,56.8499386,56.77145174,56.9823033,56.99805027
3811.132,56.73486163,56.28594993,56.51321308,56.86564899,56.78452536,56.98623963,57.00461279
3810.65,56.74008734,56.30150446,56.51841838,56.88660293,56.80152556,56.99280079,57.01642723
3810.168,56.74400695,56.31576656,56.52622723,56.90756459,56.81853085,56.99673785,57.02824412
3809.686,56.74662016,56.32614126,56.53533892,56.92591238,56.8316153,56.99542547,57.03743673
3809.204,56.75184696,56.33522069,56.5470561,56.94033265,56.84470277,56.99280079,57.04531728
3808.722,56.76491606,56.35078884,56.56659013,56.96000254,56.86172099,56.99673785,57.05582639
3808.24,56.78975564,56.37544721,56.59785862,56.98492749,56.88529308,57.01117606,57.07290781
3807.758,56.82245587,56.40790886,56.63827268,57.01380159,56.91280621,57.03481012,57.09525277
3807.275,56.85517492,56.44298845,56.67610549,57.03743673,56.93771051,57.06239556,57.11497618
3806.793,56.87743463,56.46898739,56.70482311,57.05057159,56.95082241,57.08736532,57.12681349
3806.311,56.88398327,56.48459251,56.71918737,57.04925797,56.95213377,57.10577107,57.12944434
3805.829,56.87743463,56.48979517,56.72179945,57.04006346,56.94426608,57.11760648,57.12681349
3805.347,56.85779326,56.48329192,56.71135187,57.02299186,56.93115569,57.12023691,57.11760648
3804.865,56.8250727,56.46248653,56.68915715,56.99542547,56.90756459,57.10971594,57.09919691
3804.383,56.78191039,56.42999347,56.65653364,56.96131411,56.87481539,57.08473641,57.07027957
3803.901,56.73747443,56.39362343,56.6226251,56.92853398,56.84208504,57.05714016,57.04006346
3803.418,56.70351745,56.36636129,56.59785862,56.90756459,56.81853085,57.03481012,57.01905299
3802.936,56.68785185,56.35597918,56.58743387,56.90363369,56.81068162,57.02824412,57.01117606
3802.454,56.68915715,56.35857453,56.58873686,56.91411669,56.81591432,57.03349686,57.01774009
3801.972,56.69307324,56.36117,56.58743387,56.92460163,56.81983916,57.03743673,57.02299186
3801.49,56.68915715,56.35468155,56.57310298,56.92329091,56.8146061,57.03087043,57.01905299
3801.008,56.68785185,56.34430159,56.55356669,56.91804832,56.80675741,57.02036592,57.01117606
3800.526,56.70221182,56.34949133,56.54966025,56.92591238,56.81722257,57.02561793,57.01905299
3800.044,56.73878087,56.37544721,56.56919518,56.95344516,56.8499386,57.05188525,57.04400378
3799.562,56.77798817,56.40661004,56.59785862,56.98361538,56.88922272,57.08210762,57.07290781
3799.079,56.80283347,56.4234971,56.61610656,56.99936271,56.91542721,57.09788217,57.083422
3798.597,56.8054494,56.41959964,56.61480294,56.99280079,56.91935892,57.08999435,57.07290781
3798.115,56.79106329,56.39881772,56.59785862,56.9678724,56.90494396,57.06502344,57.04663082
3797.633,56.77014454,56.37285108,56.57701104,56.93771051,56.88529308,57.03481012,57.01642723
3797.151,56.75446054,56.35078884,56.55877571,56.91280621,56.86826781,57.00986335,56.99411312
3796.669,56.74792682,56.33911233,56.55226451,56.90232345,56.86041171,56.99673785,56.9875518
3796.187,56.75576738,56.34300423,56.56007804,56.90887495,56.86564899,57.00198769,57.00067518
3795.705,56.77668083,56.36376558,56.58482799,56.93639949,56.88529308,57.02693101,57.03087043
3795.222,56.81068162,56.40141504,56.6239289,56.98099125,56.91673775,57.06765144,57.0768504
3794.74,56.85124764,56.45078688,56.67219058,57.03481012,56.9573795,57.11892168,57.13075981
3794.258,56.89315262,56.50280392,56.72179945,57.08867982,57.00067518,57.17287082,57.18077009
3793.776,56.93115569,56.55226451,56.76622314,57.13865326,57.03875008,57.22160038,57.22555324
3793.294,56.96393733,56.59785862,56.80414142,57.17945347,57.07422198,57.26377835,57.26114131
3792.812,56.99542547,56.63827268,56.83684993,57.21633031,57.10577107,57.30070957,57.29279373
3792.33,57.02561793,56.67480049,56.86564899,57.24795796,57.13733761,57.33502418,57.32050395
3791.848,57.05582639,56.70874028,56.89184262,57.2782842,57.16628893,57.36671744,57.34558665
3791.366,57.08473641,56.73486163,56.91411669,57.30202898,57.18998729,57.39182036,57.36671744
3790.883,57.10840095,56.75315374,56.93115569,57.31786431,57.20710887,57.40900238,57.38257064
3790.401,57.12418277,56.76491606,56.94295491,57.32578361,57.21633031,57.41693427,57.39049888
3789.919,57.1347064,56.76883738,56.95082241,57.32578361,57.21764778,57.41693427,57.39182036
3789.437,57.13865326,56.76883738,56.95606802,57.32050395,57.21633031,57.41032428,57.38785602
3788.955,57.13865326,56.76753024,56.96000254,57.31126572,57.21106074,57.39974989,57.37992814
3788.473,57.13602199,56.76622314,56.96393733,57.30202898,57.20710887,57.38917743,57.37200135
3787.991,57.12944434,56.76360902,56.96524899,57.29279373,57.20447445,57.37860693,57.36143402
3787.509,57.11892168,56.75838114,56.96262571,57.28224098,57.19920597,57.36935934,57.34954808
3787.027,57.10314132,56.74792682,56.95475657,57.27037146,57.19130415,57.35879248,57.33502418
3786.544,57.08473641,56.73355528,56.94033265,57.25718599,57.17945347,57.34822758,57.31522478
3786.062,57.06239556,56.71396358,56.91804832,57.24004941,57.16365639,57.33766462,57.29411296
3785.58,57.04137687,56.69176784,56.89053265,57.22423559,57.14523197,57.32842362,57.27300892
3785.098,57.02430488,56.66958079,56.86172099,57.20842613,57.12681349,57.31918412,57.25323094
3784.616,57.01117606,56.64870679,56.83554123,57.19525492,57.11103095,57.31258538,57.23873143
3784.134,57.00461279,56.63436038,56.81591432,57.18867045,57.10051168,57.3099461,57.23214195
3783.652,57.00592538,56.62523273,56.8054494,57.18735365,57.09788217,57.31258538,57.23477765
3783.17,57.01380159,56.6239289,56.8054494,57.19393797,57.10314132,57.31786431,57.2466398
3782.687,57.02693101,56.6291444,56.81591432,57.20579165,57.11497618,57.32446365,57.26377835
3782.205,57.04269031,56.63957684,56.83030672,57.22028281,57.13075981,57.33106375,57.28487899
3781.723,57.06239556,56.65392457,56.8499386,57.23741347,57.14917956,57.33898488,57.3086265
3781.241,57.08210762,56.67219058,56.86957727,57.25718599,57.16760525,57.34426624,57.33238387
3780.759,57.10182648,56.69307324,56.88791281,57.2756465,57.18472014,57.34954808,57.35483042
3780.277,57.11366107,56.70874028,56.89839292,57.28883622,57.19657191,57.34954808,57.37068033
3779.795,57.11366107,56.71657542,56.8970828,57.29147453,57.19525492,57.34030517,57.37332241
3779.313,57.09919691,56.71265771,56.88398327,57.28355997,57.17945347,57.32446365,57.36539654
3778.831,57.07947895,56.70221182,56.86695839,57.26773412,57.15839166,57.30730694,57.34954808
3778.348,57.06633743,56.69437866,56.85648407,57.25586761,57.13865326,57.29939019,57.33766462
3777.866,57.06765144,56.69698959,56.85910247,57.25586761,57.13075981,57.30598741,57.33766462
3777.384,57.08605085,56.71265771,56.8787443,57.26905278,57.13602199,57.3271036,57.34954808
3776.902,57.11892168,56.73878087,56.91018534,57.29279373,57.15444344,57.35747176,57.37200135
3776.42,57.1597078,56.76883738,56.94688853,57.32446365,57.18077009,57.39182036,57.39842822
3775.938,57.20052304,56.80021767,56.98361538,57.35747176,57.21237809,57.42618953,57.42618953
3775.456,57.23741347,56.83030672,57.01905299,57.38917743,57.24532166,57.45661019,57.45131848
3774.974,57.2664155,56.85648407,57.04794438,57.41561221,57.2796031,57.48175245,57.47248823
3774.491,57.28619804,56.880054,57.07290781,57.43544629,57.31126572,57.50293341,57.48837066
3774.009,57.29543222,56.89839292,57.09130891,57.44999563,57.34030517,57.51882425,57.49896138
3773.527,57.29675152,56.91411669,57.10577107,57.45661019,57.36407567,57.53206997,57.50558158
3773.045,57.29279373,56.92722316,57.11629132,57.45925622,57.38257064,57.54266875,57.50822987
3772.563,57.28487899,56.93902157,57.12286745,57.45661019,57.39578499,57.55194428,57.50822987
3772.081,57.2756465,56.94688853,57.1281289,57.45131848,57.4023933,57.55857057,57.50690571
3771.599,57.26377835,56.95082241,57.13075981,57.44338184,57.40371506,57.56254672,57.50425748
3771.117,57.25059439,56.95082241,57.1281289,57.4341238,57.39842822,57.56387216,57.50160937
3770.635,57.23477765,56.94295491,57.11892168,57.42090063,57.38521327,57.55989592,57.49498963
3770.152,57.21369547,56.92853398,57.10182648,57.40503684,57.36539654,57.54929398,57.48704696
3769.67,57.19393797,56.91018534,57.08079327,57.38785602,57.34294585,57.53604429,57.47778188
3769.188,57.17945347,56.89446265,57.06108166,57.37464349,57.32446365,57.52279765,57.47116489
3768.706,57.17418729,56.88660293,57.04794438,57.37068033,57.31522478,57.51485113,57.47248823
3768.224,57.17813688,56.88529308,57.04137687,57.37464349,57.31390507,57.51087828,57.47910537
3767.742,57.18603688,56.88791281,57.03743673,57.38257064,57.31654453,57.50822987,57.48969439
3767.26,57.19262104,56.88922272,57.03218363,57.38917743,57.31918412,57.50293341,57.49896138
3766.778,57.19657191,56.88660293,57.02561793,57.39446342,57.32182382,57.49498963,57.50822987
3766.295,57.19920597,56.88136372,57.02036592,57.40107158,57.32446365,57.48704696,57.51749985
3765.813,57.20315728,56.87350582,57.01774009,57.40900238,57.33106375,57.48175245,57.52809594
3765.331,57.20842613,56.86564899,57.02036592,57.41693427,57.3416255,57.4804289,57.53736912
3764.849,57.21501287,56.85779326,57.02824412,57.42751184,57.35350979,57.48572328,57.54531875
3764.367,57.22555324,56.85124764,57.04137687,57.4367688,57.36803837,57.49631352,57.55061911
3763.885,57.23609555,56.8486296,57.0597678,57.44602726,57.38124937,57.50955406,57.55326948
3763.403,57.24795796,56.84732063,57.07816466,57.45131848,57.39182036,57.52412217,57.55061911
3762.921,57.25718599,56.84732063,57.09656745,57.45396427,57.39842822,57.53471949,57.54664379
3762.439,57.2664155,56.8486296,57.112346,57.45661019,57.40107158,57.5413438,57.54399373
3761.956,57.2796031,56.85517492,57.13075981,57.46057929,57.40503684,57.54796887,57.54399373
3761.474,57.29411296,56.86695839,57.15049548,57.46984158,57.41032428,57.55326948,57.55061911
3760.992,57.3086265,56.8787443,57.1689216,57.4804289,57.41429019,57.55591996,57.55989592
3760.51,57.31258538,56.88398327,57.17945347,57.48175245,57.41296819,57.54796887,57.56254672
3760.028,57.29807084,56.87350582,57.17287082,57.46719506,57.39578499,57.52412217,57.54929398
3759.546,57.26509691,56.84601168,57.14786367,57.4341238,57.36539654,57.48439964,57.51882425
3759.064,57.22160038,56.81068162,57.11103095,57.39049888,57.32842362,57.43941393,57.47910537
3758.582,57.18077009,56.77929555,57.07553617,57.34822758,57.29411296,57.40107158,57.44073653
3758.1,57.15444344,56.762302,57.04794438,57.32050395,57.2743277,57.37728575,57.41693427
3757.617,57.14523197,56.76360902,57.03481012,57.31126572,57.26905278,57.37068033,57.41164622
3757.135,57.15181144,56.77798817,57.02955726,57.31654453,57.27696534,57.37860693,57.41957848
3756.653,57.16365639,56.79629418,57.02955726,57.33106375,57.28751711,57.39049888,57.43544629
3756.171,57.17550379,56.80937352,57.02561793,57.34558665,57.29543222,57.39974989,57.44999563
3755.689,57.18077009,56.8146061,57.01774009,57.35350979,57.29675152,57.40371506,57.45793319
3755.207,57.18077009,56.8146061,57.00855066,57.35879248,57.29543222,57.40503684,57.46190238
3754.725,57.18472014,56.81722257,57.00592538,57.36671744,57.29807084,57.41296819,57.46587185
3754.243,57.19920597,56.83423256,57.01774009,57.38389194,57.31258538,57.4367688,57.48175245
3753.76,57.23082415,56.87088675,57.05057159,57.41825636,57.3469071,57.48175245,57.51087828
3753.278,57.2796031,56.92984482,57.10182648,57.46454866,57.39974989,57.54796887,57.55459471
3752.796,57.33370401,56.99805027,57.16102396,57.51485113,57.46057929,57.61956828,57.59967063
3752.314,57.37464349,57.0597678,57.20842613,57.54929398,57.50955406,57.67797441,57.63018318
3751.832,57.38521327,57.09130891,57.22423559,57.55061911,57.52809594,57.70188488,57.62885621
3751.35,57.36143402,57.083422,57.19788892,57.51485113,57.51087828,57.6819588,57.59171349
3750.868,57.31390507,57.04531728,57.1426004,57.45793319,57.46454866,57.63151018,57.53339471
3750.386,57.27037146,56.99673785,57.08079327,57.40900238,57.41693427,57.57845403,57.47910537
3749.904,57.25191265,56.96524899,57.04137687,57.39446342,57.38917743,57.55194428,57.45661019
3749.421,57.26905278,56.96262571,57.03743673,57.42354502,57.39578499,57.56387216,57.4738116
3748.939,57.31126572,56.98361538,57.06502344,57.48307603,57.42883417,57.60630242,57.52147315
3748.457,57.35483042,57.00855066,57.10182648,57.54664379,57.46587185,57.65274632,57.57315111
3747.975,57.37596461,57.01774009,57.12549812,57.58640934,57.48704696,57.68063064,57.60762887
3747.493,57.36935934,57.00330022,57.12681349,57.59436575,57.48307603,57.67930251,57.61293497
3747.011,57.34294585,56.97311958,57.112346,57.57712826,57.46190238,57.65805658,57.60099692
3746.529,57.32050395,56.94951109,57.10182648,57.55857057,57.44735002,57.63681848,57.59171349
3746.047,57.3271036,56.95606802,57.11760648,57.56519763,57.45925622,57.64345455,57.6116084
3745.564,57.37728575,57.00986335,57.17682032,57.6155882,57.51617547,57.69391362,57.6753183
3745.082,57.4738116,57.10971594,57.2782842,57.70985724,57.6155882,57.78831082,57.78431908
3744.6,57.59834436,57.23873143,57.4076805,57.83756492,57.74042817,57.90952464,57.91752569
3744.118,57.7284637,57.37068033,57.54266875,57.9748989,57.86687105,58.03366521,58.05237607
3743.636,57.84555603,57.48704696,57.66469509,58.10051741,57.97890381,58.14334323,58.168786
3743.154,57.92952934,57.56917423,57.75372492,58.19423989,58.06039686,58.21970493,58.24652227
3742.672,57.96155123,57.59834436,57.79097213,58.23445294,58.09115347,58.24383998,58.27066843
3742.19,57.93753315,57.56784867,57.77101528,58.21166213,58.06440766,58.20898145,58.23847577
3741.708,57.8735336,57.49498963,57.70719967,58.14334323,57.99893247,58.13397239,58.16476798
3741.225,57.79496433,57.4076805,57.62885621,58.06039686,57.91885931,58.04702949,58.07911633
3740.743,57.72979296,57.33238387,57.5612213,57.98824966,57.85221613,57.9748989,58.00561023
3740.261,57.69391362,57.28619804,57.52147315,57.94553807,57.81492945,57.93619911,57.96288586
3739.779,57.68992841,57.27696534,57.51485113,57.93619911,57.81226703,57.93619911,57.95220968
3739.297,57.71650172,57.30070957,57.53869398,57.95487854,57.8402285,57.96955947,57.97089428
3738.815,57.76303447,57.35086862,57.58773533,57.99626158,57.88952686,58.02832036,58.01095299
3738.333,57.82558033,57.42222281,57.65274632,58.05237607,57.95621302,58.10453099,58.06440766
3737.851,57.89752514,57.50690571,57.72979296,58.1165734,58.0350015,58.19423989,58.12995677
3737.368,57.97222912,57.60099692,57.80960474,58.18620062,58.11924982,58.28811356,58.19960003
3736.886,58.04034697,57.68992841,57.88152968,58.25054593,58.19825995,58.37676171,58.26396016
3736.404,58.08312843,57.75239511,57.92419408,58.29348234,58.25188722,58.4386265,58.30824904
3735.922,58.08312843,57.76569462,57.92019296,58.29885161,58.25993557,58.4561219,58.31361967
3735.44,58.03633782,57.72580527,57.86820349,58.26396016,58.21702387,58.42248154,58.27737748
3734.958,57.96155123,57.65009138,57.78698021,58.20362045,58.14066569,58.35525887,58.21568339
3734.476,57.89085983,57.57182545,57.71517276,58.14869868,58.06440766,58.28677144,58.1580719
3733.994,57.85088405,57.52147315,57.67797441,58.11924982,58.01496038,58.24249888,58.1286183
3733.512,57.849552,57.51220253,57.68461521,58.12460305,58.00561023,58.23579385,58.13397239
3733.029,57.88686101,57.54266875,57.73245158,58.1634287,58.03633782,58.26664338,58.17548331
3732.547,57.95487854,57.60762887,57.81226703,58.22908959,58.09917961,58.32704843,58.24652227
3732.065,58.04702949,57.69922767,57.90952464,58.31496241,58.18620062,58.41172071,58.33779365
3731.583,58.15137659,57.80428052,58.01362455,58.40903081,58.28542935,58.50998678,58.43997211
3731.101,58.25591125,57.90952464,58.10988286,58.50190389,58.38213865,58.60706867,58.53963362
3730.619,58.34585387,58.00427462,58.18888025,58.58143421,58.46554468,58.69079604,58.62461451
3730.137,58.41441073,58.07644175,58.24249888,58.63946509,58.52885121,58.75434648,58.68674196
3729.655,58.46150616,58.12594144,58.27469377,58.67728354,58.5706441,58.79630038,58.7245909
3729.172,58.48978164,58.15539368,58.28945571,58.69755345,58.59897237,58.81932008,58.74487716
3728.69,58.50729236,58.17146483,58.29616691,58.71242251,58.61786549,58.83421998,58.75299363
3728.208,58.52076571,58.17816245,58.30153644,58.7245909,58.63406444,58.84505864,58.75705228
3727.726,58.53154663,58.17548331,58.30422138,58.73540937,58.64891742,58.85318895,58.75705228
3727.244,58.53558998,58.16208945,58.3028789,58.74217192,58.65431943,58.8558993,58.75299363
3726.762,58.52750355,58.13263382,58.29079789,58.7381143,58.64486623,58.84641362,58.7381143
3726.28,58.50325096,58.08714081,58.26664338,58.71918242,58.61786549,58.82202887,58.71242251
3725.798,58.46823718,58.03366521,58.23445294,58.68809329,58.57603891,58.7868243,58.67863465
3725.316,58.42651736,57.98290899,58.20228028,58.65161836,58.52885121,58.74893525,58.64486623
3724.833,58.38617169,57.94020134,58.17548331,58.61651578,58.48574145,58.71377443,58.61786549
3724.351,58.3498844,57.90952464,58.15539368,58.58413204,58.44939228,58.6840394,58.59492463
3723.869,58.31630518,57.88419528,58.13531099,58.55446267,58.41844599,58.65567001,58.57334144
3723.387,58.28006131,57.85754476,58.11255898,58.51941824,58.38617169,58.62596441,58.54772173
3722.905,58.23981678,57.82424886,58.07911633,58.47631542,58.34854086,58.58817903,58.51268133
3722.423,58.19156001,57.78032762,58.0350015,58.42517205,58.30153644,58.54232953,58.46823718
3721.941,58.13932697,57.72979296,57.98290899,58.3660093,58.24786346,58.48843488,58.41710088
3721.459,58.08580332,57.67664634,57.92819548,58.3055639,58.19156001,58.43189889,58.36197766
3720.977,58.03232895,57.62487549,57.8748662,58.24652227,58.13798828,58.37676171,58.30959165
3720.494,57.98023884,57.57712826,57.82424886,58.19022012,58.08580332,58.32436243,58.2585941
3720.012,57.92819548,57.52942059,57.7736758,58.13664962,58.03633782,58.27335196,58.20764115
3719.53,57.87086849,57.47778188,57.71915972,58.08179104,57.98290899,58.2210455,58.15405462
3719.048,57.80694257,57.42090063,57.65805658,58.022976,57.92552785,58.16744662,58.09382873
3718.566,57.73776918,57.35879248,57.59038741,57.95888206,57.86287388,58.11255898,58.02832036
3718.084,57.66469509,57.29147453,57.51749985,57.88952686,57.79762594,58.05638632,57.95888206
3717.602,57.58906135,57.22555324,57.44470453,57.8189233,57.72979296,58.00160348,57.88686101
3717.12,57.51220253,57.1597078,57.37200135,57.74840585,57.6620396,57.94687233,57.81492945
3716.637,57.4341238,57.09393812,57.30202898,57.6753183,57.59171349,57.88952686,57.7417577
3716.155,57.35218919,57.02693101,57.23082415,57.60099692,57.51882425,57.82691183,57.66735071
3715.673,57.26905278,56.95475657,57.15839166,57.52279765,57.44205917,57.75638464,57.58906135
3715.191,57.18472014,56.8787443,57.08473641,57.44338184,57.36275483,57.6819588,57.50955406
3714.709,57.10445618,56.80283347,57.01380159,57.36671744,57.28619804,57.60762887,57.4341238
3714.227,57.03481012,56.73094266,56.95082241,57.29807084,57.21896528,57.5413438,57.36671744
3713.745,56.97967923,56.66697112,56.89839292,57.24004941,57.16234016,57.48704696,57.31390507
3713.263,56.93771051,56.61480294,56.85648407,57.19130415,57.11760648,57.44602726,57.27300892
3712.781,56.89970306,56.56528765,56.81983916,57.14391617,57.0768504,57.41032428,57.23741347
3712.298,56.85124764,56.50800826,56.77145174,57.08473641,57.02430488,57.36671744,57.19262104
3711.816,56.77537351,56.42739483,56.69960064,57.00067518,56.94426608,57.29807084,57.12286745
3711.334,56.66436157,56.31446985,56.59264601,56.88529308,56.82768965,57.19920597,57.02036592
3710.852,56.52752881,56.17330802,56.45858638,56.74662016,56.68393613,57.07553617,56.89053265
3710.37,56.38063982,56.01959955,56.31187654,56.60307172,56.53143373,56.94557729,56.75315374
3709.888,56.24578728,55.87403043,56.17460147,56.47288827,56.39232494,56.8316153,56.62784048
3709.406,56.13322574,55.74680733,56.05701911,56.36506342,56.27817427,56.74531354,56.52752881
3708.924,56.04153213,55.64164999,55.96158416,56.27687844,56.18883142,56.68263095,56.45208672
3708.441,55.96029561,55.54948027,55.87917686,56.20047679,56.11384136,56.63566445,56.38972803
3707.959,55.87660359,55.4561863,55.79560615,56.12030207,56.03637075,56.58743387,56.32743823
3707.477,55.77762267,55.34902819,55.6993337,56.02475938,55.94483535,56.52362416,56.25226318
3706.995,55.65446343,55.21918596,55.58146633,55.9049161,55.82773393,56.43649059,56.15390979
3706.513,55.50345269,55.0617487,55.43831222,55.75836109,55.68138125,56.32095367,56.02733948
3706.031,55.32736664,54.87695433,55.27006814,55.58786575,55.5111213,56.17977558,55.87660359
3705.549,55.13152427,54.67137542,55.08330626,55.39620325,55.31844964,56.01830967,55.70318141
3705.067,54.91740406,54.44775781,54.88074522,55.18867914,55.10994784,55.84187601,55.51367774
3704.585,54.68648377,54.20757758,54.66382281,54.96421124,54.88706397,55.6493377,55.30826054
3704.102,54.4339688,53.94733557,54.42644898,54.71671299,54.64242942,55.43831222,55.08076964
3703.62,54.14769824,53.65497539,54.15642653,54.43772909,54.36507606,55.19757522,54.82264691
3703.138,53.81458556,53.3175273,53.83813412,54.11030726,54.0393355,54.91234621,54.51926597
3702.656,53.41952229,52.91880153,53.45766683,53.71925734,53.65126916,54.5695032,54.15393259
3702.174,52.96024676,52.44933667,53.00416534,53.25740483,53.19367555,54.16266187,53.72049429
3701.692,52.44450613,51.91824458,52.48678844,52.7339132,52.67444883,53.70194309,53.22553065
3701.21,51.89792571,51.34994704,51.9325921,52.17470473,52.12187136,53.21082593,52.69507173
3700.728,51.35349429,50.77851548,51.37478294,51.61310659,51.56796578,52.72177216,52.1590893
3700.245,50.83701007,50.23425895,50.84403395,51.07871934,51.04109701,52.26007155,51.64758273
3699.763,50.35701748,49.72903136,50.35353906,50.5824662,50.55452102,51.83462966,51.17053999
3699.281,49.91142852,49.25950008,49.90108631,50.12218556,50.1025696,51.4398863,50.72592789
3698.799,49.4868716,48.81687784,49.47547814,49.68553837,49.67524297,51.06460772,50.30370811
3698.317,49.0715753,48.38714522,49.06366654,49.26176862,49.25950008,50.6967361,49.89189504
3697.835,48.66088464,47.96450866,48.65976419,48.8438625,48.84723663,50.32919685,49.4845927
3697.353,48.25585335,47.54665841,48.26029808,48.43284715,48.44065423,49.96432217,49.08061545
3696.871,47.86300923,47.14330222,47.87403137,48.03524388,48.04409311,49.60666147,48.68890416
3696.389,47.49632416,46.76489892,47.51273165,47.66504419,47.67162982,49.2708438,48.32145469
3695.906,47.17262022,46.43014073,47.19000246,47.34019037,47.34019037,48.96998827,47.99654764
3695.424,46.90401283,46.15088143,46.9202157,47.07171266,47.06195888,48.71693981,47.72544648
3694.942,46.69818486,45.93566416,46.71108982,46.87054463,46.84572882,48.51767712,47.51929623
3694.46,46.5564653,45.78782349,46.56396992,46.73583432,46.69495917,48.37711886,47.37726652
3693.978,46.47613451,45.70355684,46.47827487,46.66378904,46.60794985,48.29031074,47.29660851
3693.496,46.45259712,45.67935889,46.44831888,46.65089713,46.58005532,48.25474223,47.2726556
3693.014,46.48362619,45.71092398,46.47078406,46.69173371,46.60902305,48.26696595,47.29769757
3692.532,46.56504211,45.79731321,46.54253136,46.78105374,46.68850847,48.32479273,47.3685401
3692.05,46.69388399,45.93460646,46.66271457,46.91697468,46.81661397,48.42392631,47.48101563
3691.567,46.86622789,46.11901254,46.82523871,47.09447936,46.98724697,48.56126596,47.62883952
3691.085,47.07821631,46.34682627,47.02946085,47.31076821,47.1976092,48.73264683,47.81123918
3690.603,47.3271116,46.61438942,47.27156712,47.56198811,47.44276586,48.9350459,48.02529044
3690.121,47.61239194,46.9202157,47.55213273,47.85088782,47.72654541,49.16997642,48.27474629
3689.639,47.93690602,47.26503676,47.87403137,48.17813675,48.05183753,49.43903669,48.56573883
3689.157,48.3069925,47.65407017,48.24141079,48.5500856,48.42392631,49.74621013,48.90350648
3688.675,48.72367077,48.08393484,48.6519218,48.96660566,48.84273784,50.09334121,49.2889992
3688.193,49.17790232,48.54561418,49.09643973,49.41627441,49.29694429,50.47426459,49.7141479
3687.71,49.64436957,49.01511207,49.54844165,49.87581438,49.76110319,50.86862516,50.15451095
3687.228,50.09103438,49.46294836,49.98043136,50.3152923,50.2041941,51.24836329,50.57897221
3686.746,50.48821307,49.86203509,50.36397504,50.7084108,50.59877469,51.58934335,50.96241499
3686.264,50.82647607,50.20303812,50.69089976,51.0434476,50.9342599,51.88000389,51.29204327
3685.782,51.10813108,50.4917008,50.96710902,51.32630496,51.21651219,52.12187136,51.57152809
3685.3,51.35112943,50.74578791,51.20825773,51.57509065,51.46595074,52.33232141,51.8167297
3684.818,51.57509065,50.98354152,51.43633308,51.8059927,51.69874493,52.52910485,52.04631669
3684.336,51.7940653,51.22240905,51.66304503,52.03313584,51.93139632,52.72420015,52.27090267
3683.854,52.01516734,51.46476571,51.89434085,52.26247827,52.16629584,52.92611304,52.49766655
3683.371,52.23721323,51.70945971,52.12907276,52.4892056,52.40105128,53.1312459,52.71934429
3682.889,52.4517521,51.94694359,52.35763244,52.70720661,52.62837978,53.33226151,52.93098794
3682.407,52.65383401,52.17110076,52.57145536,52.91027271,52.83965824,53.5229448,53.12390605
3681.925,52.83965824,52.37451327,52.76670796,53.09455681,53.03224349,53.69823362,53.29788802
3681.443,53.00782686,52.55935173,52.94073908,53.26108385,53.20592525,53.85797247,53.45151265
3680.961,53.16183951,52.72541418,53.09577937,53.4146024,53.36419961,54.00201933,53.58830247
3680.479,53.30034253,52.87373621,53.23043313,53.55499708,53.50692585,54.1302459,53.71183626
3679.997,53.42321251,53.00416534,53.34208658,53.67969011,53.63274187,54.23754207,53.82078155
3679.514,53.52540967,53.11167523,53.43059371,53.78609319,53.73657718,54.32503315,53.91132428
3679.032,53.60804877,53.19735016,53.49583861,53.87409652,53.81954229,54.39011787,53.985857
3678.55,53.67721812,53.26598961,53.54636573,53.9460934,53.88402141,54.4402361,54.04804631
3678.068,53.74152673,53.32857758,53.59200435,54.01196779,53.94236707,54.48789119,54.10781544
3677.586,53.81334645,53.39861588,53.64756319,54.08414893,54.00699333,54.54312289,54.17513472
3677.104,53.89767112,53.48229067,53.71678354,54.16765067,54.08539427,54.61475629,54.2575276
3676.622,53.98710009,53.57349752,53.79600187,54.25627829,54.17388731,54.69278014,54.34755366
3676.14,54.05426918,53.64756319,53.85921261,54.32253145,54.24753391,54.75452301,54.42018327
3675.658,54.06547215,53.66856708,53.87409652,54.33379002,54.27127192,54.76587111,54.44525046
3675.175,54.01569893,53.62903718,53.83565483,54.28376978,54.23629322,54.72301284,54.41517122
3674.693,53.94982,53.56979692,53.78485474,54.21881232,54.18511507,54.67011658,54.37133543
3674.211,53.91877292,53.54020134,53.76751934,54.18761045,54.16390903,54.65627125,54.35881741
3673.729,53.93243143,53.54883169,53.78980873,54.20008904,54.18012467,54.68270629,54.38260412
3673.247,53.96721417,53.57349752,53.82945713,54.23254684,54.21132223,54.72553299,54.42268947
3672.765,54.00326279,53.59694058,53.86913476,54.26627358,54.24253776,54.76334911,54.46029632
3672.283,54.03684695,53.61298648,53.90511787,54.29502032,54.2687727,54.79362082,54.49165521
3671.801,54.06671707,53.62409799,53.93864099,54.32253145,54.29252,54.81633558,54.51926597
3671.318,54.08913049,53.62780234,53.96969951,54.34379959,54.31127521,54.83274654,54.53935531
3670.836,54.09037595,53.61298648,53.98461395,54.34630227,54.31252579,54.83148399,54.53684374
3670.354,54.05302455,53.56362983,53.96597154,54.31002466,54.27627072,54.79362082,54.49165521
3669.872,53.97094222,53.47490233,53.90635909,54.2312981,54.19884105,54.7154531,54.39638013
3669.39,53.87037516,53.37157266,53.82449948,54.12899952,54.10034069,54.61978672,54.27502098
3668.908,53.78609319,53.28807109,53.75390259,54.04306853,54.01818651,54.54061114,54.16390903
3668.426,53.74276418,53.24514328,53.71554667,53.9945592,53.97342773,54.50043893,54.09411251
3667.944,53.73781452,53.24146536,53.70688945,53.98337092,53.96597154,54.4941647,54.06671707
3667.462,53.75637811,53.25740483,53.71802042,53.99580248,53.97964201,54.50922408,54.07169703
3666.979,53.78361631,53.28070958,53.73286531,54.01569893,54.00077591,54.5330766,54.09535809
3666.497,53.81086831,53.3052519,53.7489519,54.0393355,54.02191808,54.55945205,54.12899952
3666.015,53.83813412,53.33103351,53.7625674,54.0629824,54.04306853,54.58709717,54.17139257
3665.533,53.86541374,53.35928481,53.77618634,54.08788506,54.0629824,54.61852907,54.21881232
3665.051,53.89146627,53.39246849,53.7910473,54.11404519,54.08290361,54.65249586,54.2687727
3664.569,53.91753141,53.4281332,53.80591237,54.14021798,54.10158641,54.68522458,54.31877911
3664.087,53.93988299,53.46382173,53.81830307,54.16266187,54.11653729,54.7154531,54.36132079
3663.605,53.95603156,53.49583861,53.82945713,54.17887714,54.12650685,54.73813546,54.39387514
3663.123,53.96224383,53.51924769,53.83565483,54.18761045,54.12899952,54.75200153,54.41391827
3662.64,53.95975884,53.53157237,53.83689446,54.18885818,54.12526055,54.75452301,54.42018327
3662.158,53.94857777,53.53403765,53.83317567,54.18261981,54.11653729,54.74821953,54.41391827
3661.676,53.92870604,53.52417722,53.82202083,54.17014524,54.10158641,54.73561473,54.39638013
3661.194,53.9026355,53.50322985,53.80219572,54.1501919,54.08165832,54.7154531,54.3700835
3660.712,53.86789439,53.47243977,53.77494811,54.12526055,54.05551384,54.69026151,54.33629224
3660.23,53.82697825,53.43305434,53.73905189,54.09162144,54.02191808,54.6600469,54.29377015
3659.748,53.78113954,53.38632181,53.69576078,54.05177994,53.98212792,54.62355986,54.24628483
3659.266,53.73286531,53.3359457,53.64632793,54.00574979,53.93864099,54.58206974,54.19384938
3658.783,53.6833983,53.28070958,53.59570648,53.95727395,53.89022539,54.53809951,54.14146462
3658.301,53.63397682,53.22553065,53.5451328,53.90511787,53.84185325,54.49290994,54.08788506
3657.819,53.58460085,53.16673612,53.49337509,53.8517722,53.78980873,54.44525046,54.03435852
3657.337,53.53033977,53.09944722,53.43428469,53.7910473,53.73162808,54.39011787,53.97342773
3656.855,53.46505279,53.01881295,53.36297087,53.71554667,53.65868187,54.32128064,53.90139436
3656.373,53.38263414,52.92123859,53.27212243,53.62409799,53.56733,54.23629322,53.81086831
3655.891,53.28807109,52.8128981,53.16918459,53.52048003,53.46505279,54.14021798,53.71059952
3655.409,53.19490039,52.70720661,53.06644566,53.41952229,53.36419961,54.04680182,53.61298648
3654.927,53.11534418,52.61989777,52.97976163,53.33471761,53.27948276,53.96845682,53.53157237
3654.444,53.0554497,52.55693134,52.91392775,53.27212243,53.2169524,53.91256565,53.47367104
3653.962,53.01392996,52.51459252,52.86764925,53.22798184,53.17530628,53.87285603,53.43674549
3653.48,52.98586151,52.48678844,52.83600833,53.19980005,53.14715238,53.8468125,53.41583233
3652.998,52.9700033,52.47228781,52.81411418,53.18387781,53.13246931,53.82945713,53.40845317
3652.516,52.96512481,52.46987143,52.80073888,53.18020413,53.12757585,53.82326014,53.41214262
3652.034,52.97122299,52.47832925,52.79344469,53.18510243,53.13369274,53.82449948,53.4256728
3651.552,52.97976163,52.49041423,52.78736697,53.19367555,53.14103394,53.82821768,53.44289798
3651.07,52.97976163,52.49162288,52.77035308,53.19245073,53.13858676,53.82326014,53.44782047
3650.587,52.95658853,52.46745516,52.73269897,53.16551192,53.11167523,53.79600187,53.42690298
3650.105,52.90174527,52.40708452,52.66959756,53.10678369,53.05422807,53.74152673,53.37034375
3649.623,52.81897876,52.3166588,52.59324893,53.02369639,52.97122299,53.66485991,53.28561714
3649.141,52.73148477,52.21917425,52.52305756,52.93830113,52.88713,53.58706857,53.19245073
3648.659,52.65868383,52.1410773,52.47832925,52.87495369,52.82506012,53.52664216,53.11534418
3648.177,52.61747459,52.09907349,52.46624706,52.84817567,52.79587598,53.49337509,53.07011149
3647.695,52.61384003,52.10147279,52.48678844,52.86399741,52.80681814,53.49337509,53.06522378
3647.213,52.65140927,52.14708061,52.53636251,52.92002004,52.85547742,53.52664216,53.1006699
3646.731,52.72662824,52.23360494,52.61505152,53.01148864,52.93830113,53.59323836,53.17408188
3646.248,52.83479175,52.35039947,52.71691653,53.13002252,53.05056334,53.68957918,53.27825597
3645.766,52.96512481,52.48799701,52.83722494,53.26598961,53.18020413,53.80715131,53.4035343
3645.284,53.10433809,52.63080346,52.96390526,53.40599368,53.31629963,53.93367329,53.53773578
3644.802,53.24023944,52.77035308,53.09088929,53.54020134,53.44905117,54.05924799,53.66856708
3644.32,53.36542838,52.90052718,53.21205117,53.66362425,53.57226396,54.17638217,53.7922859
3643.838,53.47859637,53.02003377,53.3248939,53.77370991,53.68463442,54.28002012,53.90387667
3643.356,53.57719837,53.13002252,53.42936344,53.87037516,53.78485474,54.37133543,54.00450628
3642.874,53.66362425,53.22920747,53.52417722,53.95727395,53.87409652,54.44775781,54.09535809
3642.391,53.74152673,53.32243825,53.61298648,54.03560272,53.95727395,54.51550004,54.17762964
3641.909,53.81458556,53.41214262,53.69823362,54.10906133,54.03560272,54.57829947,54.25502901
3641.427,53.88774371,53.4995341,53.78113954,54.18386743,54.11529123,54.64117125,54.33128791
3640.945,53.96348637,53.58706857,53.86541374,54.26252513,54.19634516,54.70915412,54.407654
3640.463,54.04306853,53.67598218,53.95106225,54.34379959,54.28126998,54.78352839,54.48663657
3639.981,54.12401429,53.76380534,54.03684695,54.42770221,54.36507606,54.86179336,54.5644774
3639.499,54.20383318,53.84805238,54.12027566,54.50922408,54.44775781,54.9414352,54.6399131
3639.017,54.28002012,53.9274643,54.19884105,54.5883541,54.52428761,55.01865889,54.71167362
3638.535,54.35005651,54.00077591,54.27252158,54.66256415,54.59463917,55.09218536,54.78100557
3638.052,54.41517122,54.06671707,54.34004578,54.73057363,54.6600469,55.16072936,54.8453737
3637.57,54.47785507,54.12899952,54.40389578,54.7948825,54.72301284,55.22554367,54.90855313
3637.088,54.541867,54.18885818,54.46405843,54.85674063,54.78478984,55.28788798,54.97180535
3636.606,54.60595414,54.24628483,54.52177673,54.91740406,54.84916242,55.35030266,55.03513042
3636.124,54.67263429,54.30377235,54.57829947,54.9756028,54.91487508,55.41406375,55.09725977
3635.642,54.7406563,54.36132079,54.63236484,55.03259602,54.98066647,55.47662088,55.15818918
3635.16,54.80497702,54.41391827,54.68270629,55.08457462,55.04273433,55.53669101,55.21537169
3634.678,54.86305661,54.46155033,54.72931343,55.13152427,55.09852845,55.59042573,55.26625035
3634.196,54.90981746,54.50043893,54.76839323,55.17089128,55.14295051,55.63652544,55.30698703
3633.713,54.9439654,54.52679861,54.79866773,55.20265934,55.17216165,55.67112531,55.33755925
3633.231,54.96547685,54.54312289,54.82264691,55.22808696,55.18994992,55.69548626,55.3592248
3632.749,54.97940051,54.55191491,54.84411086,55.25098183,55.19757522,55.71344326,55.37579829
3632.267,54.99079521,54.55819579,54.86558321,55.27643171,55.20520158,55.7301228,55.3911013
3631.785,55.00725841,54.5695032,54.89338344,55.30953407,55.21918596,55.75065832,55.41278781
3631.303,55.03766494,54.59212506,54.9325804,55.35412626,55.24589326,55.78276021,55.44597183
3630.821,55.085843,54.6311069,54.98699672,55.41533972,55.28916104,55.83030495,55.49195175
3630.339,55.14549,54.68396542,55.05160689,55.48556337,55.34520495,55.88818424,55.54692219
3629.856,55.20138827,54.73561473,55.10994784,55.54820122,55.39747881,55.94225905,55.59426591
3629.374,55.2230005,54.75830545,55.13152427,55.57122879,55.41789175,55.96158416,55.60706844
3628.892,55.18740839,54.73309412,55.09599112,55.5328548,55.38217403,55.92937935,55.5673902
3628.41,55.1086789,54.67011658,55.01612524,55.44597183,55.30698703,55.858594,55.49195175
3627.928,55.02626052,54.6072115,54.9325804,55.35540085,55.23317389,55.79303672,55.42172002
3627.446,54.96927386,54.5695032,54.87569075,55.29170726,55.18740839,55.75707722,55.38344927
3626.964,54.93511019,54.54814672,54.83905976,55.25225405,55.16326967,55.74295661,55.36814837
3626.482,54.90096776,54.52303216,54.80245322,55.21410032,55.13660231,55.7249901,55.35157717
3626,54.85295139,54.47785507,54.75200153,55.16326967,55.0947225,55.69035675,55.3171759
3625.517,54.78857437,54.41266536,54.68522458,55.09725977,55.03259602,55.63652544,55.2637053
3625.035,54.71041386,54.33253895,54.6046968,55.01992575,54.95661817,55.5686697,55.19503334
3624.553,54.62104441,54.24003986,54.51424479,54.93384528,54.86810992,55.49195175,55.11502389
3624.071,54.52177673,54.13647824,54.41517122,54.83905976,54.76839323,55.40768434,55.02372653
3623.589,54.41266536,54.02316199,54.30502275,54.73183386,54.65878832,55.31335485,54.92119775
3623.107,54.28876973,53.89394812,54.18386743,54.61224124,54.5330766,55.20901515,54.80623897
3622.625,54.15268566,53.75142719,54.04929083,54.47660069,54.39512762,55.09091683,54.67641107
3622.143,54.00450628,53.59570648,53.90139436,54.32753497,54.24253776,54.96041457,54.5330766
3621.66,53.8468125,53.4281332,53.74523919,54.16765067,54.07916782,54.81886002,54.38009976
3621.178,53.68463442,53.2549523,53.58336703,54.00201933,53.91132428,54.67011658,54.21881232
3620.696,53.5217124,53.07988827,53.42075234,53.83441524,53.74276418,54.51675532,54.05675853
3620.214,53.36788601,52.91270938,53.26231025,53.67474625,53.58089948,54.36632788,53.90015325
3619.732,53.23411029,52.76427802,53.12268284,53.53650304,53.44166742,54.23004939,53.7600916
3619.25,53.13858676,52.65262162,53.01881295,53.43674549,53.33963015,54.12401429,53.65621085
3618.768,53.09822458,52.5993043,52.96878364,53.39492736,53.29543361,54.06671707,53.60681441
3618.286,53.12879917,52.61747459,52.98708157,53.42444264,53.31998272,54.07294209,53.62409799
3617.804,53.2243051,52.70842026,53.07377757,53.5217124,53.41091278,54.14271129,53.70688945
3617.321,53.37157266,52.85669448,53.21205117,53.66980286,53.55376395,54.26002631,53.84061351
3616.839,53.54389989,53.0383494,53.37771764,53.84433282,53.72173126,54.40389578,54.00201933
3616.357,53.72173126,53.23043313,53.55129776,54.02191808,53.89767112,54.55317103,54.16889794
3615.875,53.88774371,53.41706229,53.71678354,54.19010593,54.06422726,54.6952989,54.3300369
3615.393,54.03809121,53.5895364,53.86789439,54.34004578,54.21881232,54.82390926,54.47910949
3614.911,54.17139257,53.74523919,54.00574979,54.47283771,54.36006909,54.94017014,54.61601385
3614.429,54.29126988,53.8827807,54.13273875,54.58961105,54.48914583,55.04653668,54.74191677
3613.947,54.39888523,54.00326279,54.25003216,54.69278014,54.60846889,55.14295051,54.85926694
3613.464,54.49918403,54.10906133,54.36132079,54.78731283,54.71923284,55.23190211,54.96674249
3612.982,54.59463917,54.20757758,54.46782081,54.87948156,54.82390926,55.31844964,55.06935629
3612.5,54.69152081,54.30252197,54.57327286,54.97307113,54.9249917,55.40385704,55.16835063
3612.018,54.79362082,54.40389578,54.68018812,55.07569675,55.02879463,55.49322952,55.27006814
3611.536,54.90096776,54.51298957,54.78857437,55.18613767,55.13533276,55.58658581,55.37579829
3611.054,55.01359172,54.62733325,54.89591143,55.30189331,55.24589326,55.68266338,55.48556337
3610.572,55.12771605,54.74317726,55.00092583,55.42172002,55.35795012,55.78147578,55.59682618
3610.09,55.23826129,54.85547752,55.10106588,55.53924862,55.47151153,55.87917686,55.7083121
3609.608,55.34393059,54.9616801,55.19249157,55.65061908,55.58146633,55.97576015,55.8161658
3609.125,55.43703572,55.05414217,55.27515894,55.75065832,55.68266338,56.0699282,55.91264018
3608.643,55.5162343,55.13025484,55.34393059,55.83544735,55.76991724,56.15649584,55.99380751
3608.161,55.57890677,55.19122073,55.40130566,55.9049161,55.84187601,56.23413252,56.05572837
3607.679,55.6288395,55.24334915,55.45107883,55.96158416,55.8997673,56.30669026,56.10092215
3607.197,55.67497107,55.29298041,55.50217469,56.01315043,55.94998829,56.37674531,56.13710342
3606.715,55.723707,55.34902819,55.56099313,56.06734615,56.00154388,56.44688753,56.17330802
3606.233,55.78147578,55.41406375,55.62755861,56.12805592,56.05701911,56.51971978,56.2160077
3605.751,55.84701947,55.48428578,55.70189881,56.19400684,56.1177177,56.59264601,56.26651281
3605.269,55.91779016,55.55587601,55.78019138,56.26133071,56.18106918,56.66566633,56.32225052
3604.786,55.98865053,55.62499693,55.85602168,56.32873523,56.24319712,56.73224895,56.37804345
3604.304,56.05572837,55.68779218,55.92551602,56.38972803,56.30020808,56.79367868,56.43259223
3603.822,56.11384136,55.74295661,55.9847831,56.44298845,56.34949133,56.84470277,56.48199136
3603.34,56.16166828,55.78789823,56.03379024,56.48719378,56.38713125,56.88529308,56.52232267
3602.858,56.19530077,55.82387762,56.06863716,56.52102121,56.41310446,56.91411669,56.55617114
3602.376,56.2160077,55.85216341,56.09446367,56.54575407,56.42739483,56.9324666,56.58091938
3601.894,56.22377476,55.87403043,56.10867332,56.56268279,56.43389165,56.94033265,56.60046511
3601.412,56.22248018,55.88947113,56.11513344,56.57049775,56.43389165,56.94033265,56.61349935
3600.929,56.2160077,55.8997673,56.11642555,56.57180035,56.43129283,56.93508849,56.62132134
3600.447,56.20694748,55.908778,56.1125493,56.56919518,56.42739483,56.92984482,56.62523273
3599.965,56.20306497,55.91392763,56.10738138,56.56528765,56.42869413,56.92722316,56.62653659
3599.483,56.20435911,55.92036533,56.10350576,56.56268279,56.43389165,56.93115569,56.62784048
3599.001,56.21341891,55.92551602,56.10350576,56.5639852,56.44688753,56.94164376,56.63044835
3598.519,56.2276587,55.93324295,56.10867332,56.57180035,56.46638696,56.958691,56.63827268
3598.037,56.24449218,55.93968287,56.11900987,56.58613091,56.48979517,56.97967923,56.65131562
3597.555,56.26003526,55.94741176,56.13322574,56.60437507,56.51581567,57.00198769,56.66827594
3597.073,56.2729911,55.95385332,56.15003095,56.62653659,56.54184816,57.02167888,56.69046248
3596.59,56.28076604,55.95900709,56.1668412,56.64740242,56.5639852,57.03743673,56.71396358
3596.108,56.28465391,55.96416135,56.18365648,56.66566633,56.58222222,57.04925797,56.73616801
3595.626,56.28594993,55.96802735,56.19659473,56.68002068,56.59394912,57.05845397,56.75707424
3595.144,56.28724598,55.97318243,56.20824171,56.69046248,56.6017684,57.06502344,56.77406622
3594.662,56.29243046,55.98220497,56.22118562,56.6982951,56.60567845,57.07290781,56.78844803
3594.18,56.30539376,55.99767556,56.23672226,56.70743452,56.61089226,57.08605085,56.80414142
3593.698,56.32743823,56.01959955,56.25873984,56.7204934,56.6200176,57.10445618,56.82376427
3593.216,56.35987225,56.04798452,56.28594993,56.74008734,56.63696855,57.12944434,56.8486296
3592.733,56.39622051,56.08025762,56.31576656,56.76360902,56.65914283,57.15575948,56.876125
3592.251,56.4351911,56.10996528,56.3468964,56.78844803,56.68654658,57.18208674,56.90494396
3591.769,56.47158795,56.13581083,56.37285108,56.81198975,56.71526949,57.20315728,56.9324666
3591.287,56.50280392,56.15390979,56.39362343,56.83423256,56.74270038,57.22028281,56.95606802
3590.805,56.53013206,56.1668412,56.4105066,56.85517492,56.76883738,57.23214195,56.97705528
3590.323,56.55356669,56.17330802,56.4234971,56.87481539,56.79237097,57.24268548,56.99805027
3589.841,56.57570832,56.17718846,56.43389165,56.89577271,56.81591432,57.25323094,57.01774009
3589.359,56.59264601,56.17848201,56.44298845,56.91542721,56.83554123,57.26114131,57.03481012
3588.877,56.60046511,56.17460147,56.44688753,56.92853398,56.84601168,57.26377835,57.04663082
3588.394,56.59394912,56.1577889,56.4377901,56.92722316,56.84208504,57.25454926,57.04269031
3587.912,56.56659013,56.12805592,56.41180552,56.90494396,56.81853085,57.22687092,57.01905299
3587.43,56.52232267,56.08671447,56.37155306,56.86172099,56.77668083,57.18603688,56.97836724
3586.948,56.475489,56.04798452,56.32873523,56.81198975,56.72833016,57.1426004,56.93115569
3586.466,56.44038921,56.02604942,56.29891174,56.77145174,56.69307324,57.11497618,56.89577271
3585.984,56.43129283,56.02991969,56.29113429,56.75576738,56.68002068,57.11103095,56.88267348
3585.502,56.44428811,56.05701911,56.30539376,56.76360902,56.68785185,57.13075981,56.89184262
3585.02,56.47288827,56.09575531,56.33262642,56.78975564,56.71004606,57.16234016,56.91280621
3584.537,56.50540603,56.13839604,56.36246777,56.82245587,56.73486163,57.19788892,56.93902157
3584.055,56.5366407,56.17589495,56.39102647,56.85517492,56.75968806,57.22818863,56.96131411
3583.573,56.5613804,56.20694748,56.41440344,56.88398327,56.78191039,57.25454926,56.97836724
3583.091,56.58091938,56.2315429,56.43259223,56.90756459,56.80021767,57.27300892,56.9914885
3582.609,56.59394912,56.24967273,56.44688753,56.92591238,56.81722257,57.28883622,57.00067518
3582.127,56.60046511,56.26262619,56.45858638,56.93902157,56.8316153,57.30070957,57.00723801
3581.645,56.6017684,56.27169538,56.46768716,56.94557729,56.84339389,57.31126572,57.01380159
3581.163,56.59785862,56.27687844,56.47418862,56.94688853,56.85124764,57.31654453,57.01905299
3580.681,56.59003988,56.27687844,56.47939032,56.94164376,56.85386579,57.31918412,57.02299186
3580.198,56.57831379,56.27169538,56.48069082,56.93115569,56.85124764,57.31654453,57.02561793
3579.716,56.5639852,56.26262619,56.48069082,56.91673775,56.84470277,57.3099461,57.02430488
3579.234,56.54966025,56.24967273,56.48069082,56.90101324,56.83423256,57.29939019,57.02167888
3578.752,56.5366407,56.23413252,56.47939032,56.88398327,56.8250727,57.28619804,57.01905299
3578.27,56.52752881,56.2198911,56.47939032,56.86957727,56.81722257,57.2756465,57.01511439
3577.788,56.52102121,56.20694748,56.48069082,56.86041171,56.81329791,57.2664155,57.01248881
3577.306,56.51841838,56.19788872,56.48199136,56.85517492,56.81329791,57.26114131,57.01117606
3576.824,56.51711701,56.19141907,56.48329192,56.8525567,56.8146061,57.2585044,57.00723801
3576.342,56.51711701,56.18883142,56.48069082,56.85386579,56.81722257,57.2585044,57.00067518
3575.859,56.51711701,56.18624389,56.47418862,56.85517492,56.81853085,57.25982284,56.9914885
3575.377,56.51581567,56.18624389,56.46508679,56.85779326,56.81722257,57.25982284,56.98099125
3574.895,56.51581567,56.18753764,56.45598643,56.86172099,56.8146061,57.26114131,56.97049593
3574.413,56.51841838,56.19141907,56.44948706,56.86826781,56.81198975,57.26377835,56.96524899
3573.931,56.52232267,56.19918274,56.44688753,56.8787443,56.81198975,57.27037146,56.96656068
3573.449,56.53013206,56.20953596,56.45078688,56.89446265,56.8146061,57.2796031,56.97574335
3572.967,56.54054625,56.22377476,56.46118645,56.91280621,56.81983916,57.29147453,56.99280079
3572.485,56.55226451,56.23801717,56.47418862,56.92984482,56.82638116,57.30598741,57.01380159
3572.002,56.5639852,56.24967273,56.48589313,56.94426608,56.83292391,57.31786431,57.03349686
3571.52,56.57180035,56.25614909,56.49369748,56.95213377,56.83815866,57.32842362,57.05057159
3571.038,56.57831379,56.25614909,56.49760006,56.95213377,56.84208504,57.33238387,57.0597678
3570.556,56.58091938,56.25096794,56.49499831,56.94688853,56.84208504,57.33238387,57.06239556
3570.074,56.57961657,56.23931211,56.48719378,56.93508849,56.84208504,57.32842362,57.0597678
3569.592,56.57701104,56.22377476,56.475489,56.92066955,56.83946742,57.31918412,57.05319893
3569.11,56.56919518,56.20435911,56.4598864,56.90232345,56.83423256,57.30334843,57.04137687
3568.628,56.5548689,56.17848201,56.43389165,56.8787443,56.8211475,57.28092203,57.02036592
3568.146,56.52492568,56.13968869,56.39362343,56.84208504,56.78975564,57.24268548,56.98623963
3567.663,56.475489,56.08284027,56.33392354,56.78714044,56.73616801,57.18603688,56.92984482
3567.181,56.40790886,56.00799166,56.25614909,56.71526949,56.65914283,57.11103095,56.85386579
3566.699,56.33132933,55.93066719,56.17330802,56.63696855,56.56919518,57.03218363,56.76883738
3566.217,56.26780841,55.87017092,56.10738138,56.57570832,56.49109591,56.96918415,56.69568411
3565.735,56.2328377,55.84187601,56.07380151,56.54575407,56.44428811,56.93771051,56.65392457
3565.253,56.2328377,55.85344947,56.08025762,56.5548689,56.43649059,56.94426608,56.64870679
3564.771,56.26003526,55.89333197,56.11642555,56.59525226,56.46118645,56.97967923,56.67610549
3564.289,56.30280086,55.9512766,56.1707212,56.65131562,56.50670713,57.02955726,56.72310553
3563.806,56.35078884,56.01186069,56.2289534,56.71135187,56.5613804,57.083422,56.77668083
3563.324,56.39622051,56.06863716,56.28594993,56.76753024,56.61610656,57.13602199,56.83030672
3562.842,56.43649059,56.1177177,56.33522069,56.81329791,56.66697112,57.18208674,56.8787443
3562.36,56.46898739,56.1552028,56.37414913,56.8486296,56.70874028,57.22028281,56.92066955
3561.878,56.49239668,56.18106918,56.40271374,56.87088675,56.74139385,57.25059439,56.95213377
3561.396,56.50670713,56.19788872,56.42219791,56.88267348,56.76622314,57.27169018,56.97311958
3560.914,56.51321308,56.20565328,56.43129283,56.88660293,56.78191039,57.28619804,56.98623963
3560.432,56.51451436,56.20694748,56.43259223,56.88529308,56.79237097,57.29279373,56.99017624
3559.95,56.51321308,56.20565328,56.43129283,56.88267348,56.79890981,57.29543222,56.99017624
3559.467,56.51321308,56.20306497,56.42869413,56.880054,56.8054494,57.29675152,56.98886401
3558.985,56.51581567,56.20177087,56.42739483,56.88267348,56.81329791,57.29939019,56.9875518
3558.503,56.52362416,56.20177087,56.43129283,56.89053265,56.82376427,57.30598741,56.99017624
3558.021,56.53403716,56.20435911,56.44038921,56.90494396,56.83554123,57.31654453,56.99673785
3557.539,56.5470561,56.20824171,56.45208672,56.92198021,56.8486296,57.33106375,57.00723801
3557.057,56.55877571,56.21212457,56.46638696,56.94295491,56.86041171,57.34822758,57.01774009
3556.575,56.56789264,56.2160077,56.48069082,56.96131411,56.86957727,57.36539654,57.02693101
3556.093,56.57180035,56.21730213,56.49239668,56.97705528,56.87481539,57.37860693,57.03218363
3555.61,56.57049775,56.21730213,56.50150291,56.9875518,56.87481539,57.38653463,57.03481012
3555.128,56.5639852,56.21471329,56.50800826,56.98886401,56.86826781,57.38785602,57.03087043
3554.646,56.55096237,56.20953596,56.50800826,56.9823033,56.85648407,57.38124937,57.02167888
3554.164,56.5366407,56.19918274,56.50410496,56.96656068,56.83946742,57.36935934,57.00986335
3553.682,56.51841838,56.18495017,56.49239668,56.94426608,56.81722257,57.35218919,56.99280079
3553.2,56.50020193,56.1668412,56.47418862,56.91542721,56.79106329,57.32974367,56.97443145
3552.718,56.48199136,56.14744521,56.45078688,56.88529308,56.76360902,57.30730694,56.95475657
3552.236,56.46508679,56.12676353,56.42609556,56.85648407,56.73747443,57.28619804,56.93639949
3551.754,56.45338659,56.11125728,56.40271374,56.83684993,56.71788138,57.27169018,56.92198021
3551.271,56.44818728,56.10221394,56.3858329,56.82638116,56.70743452,57.26377835,56.91542721
3550.789,56.45078688,56.10350576,56.38063982,56.82768965,56.70874028,57.26509691,56.91542721
3550.307,56.45858638,56.11384136,56.38453459,56.83946742,56.71918737,57.27300892,56.92329091
3549.825,56.46898739,56.12805592,56.39362343,56.85517492,56.73616801,57.28355997,56.93377753
3549.343,56.48069082,56.14356681,56.40531124,56.87219627,56.75446054,57.29279373,56.94426608
3548.861,56.48719378,56.15649584,56.41440344,56.88398327,56.76883738,57.29807084,56.95082241
3548.379,56.48979517,56.16296146,56.41700148,56.89053265,56.77668083,57.29675152,56.95344516
3547.897,56.48459251,56.16166828,56.41310446,56.88660293,56.77668083,57.28751711,56.94951109
3547.415,56.47288827,56.15132387,56.40141504,56.87350582,56.76753024,57.27300892,56.94033265
3546.932,56.45598643,56.13322574,56.38453459,56.85386579,56.7492335,57.25191265,56.92591238
3546.45,56.43389165,56.1125493,56.36765919,56.82768965,56.72571779,57.22950638,56.91018534
3545.968,56.41310446,56.09188048,56.35208638,56.80021767,56.70351745,57.20842613,56.89315262
3545.486,56.39492196,56.07638387,56.34300423,56.77798817,56.68524134,57.19130415,56.880054
3545.004,56.3832363,56.06863716,56.33911233,56.76099502,56.67480049,57.18208674,56.87088675
3544.522,56.37804345,56.06863716,56.3404096,56.75315374,56.67349552,57.18077009,56.86826781
3544.04,56.38063982,56.07509267,56.3468964,56.75446054,56.68263095,57.18867045,56.87219627
3543.558,56.39102647,56.08929742,56.35597918,56.76491606,56.6982951,57.20447445,56.88136372
3543.075,56.40790886,56.10738138,56.36636129,56.78452536,56.7204934,57.22687092,56.8970828
3542.593,56.42999347,56.12934833,56.37934162,56.80806545,56.74531354,57.25454926,56.91804832
3542.111,56.45468649,56.15132387,56.39362343,56.83684993,56.77145174,57.28487899,56.94164376
3541.629,56.48069082,56.17589495,56.40790886,56.86695839,56.79629418,57.31522478,56.96524899
3541.147,56.50670713,56.19788872,56.4234971,56.89577271,56.81722257,57.34294585,56.98886401
3540.665,56.52883042,56.2185966,56.4377901,56.92198021,56.83684993,57.36539654,57.01117606
3540.183,56.54835816,56.23672226,56.45468649,56.94426608,56.85124764,57.38521327,57.03087043
3539.701,56.5639852,56.25355845,56.47028765,56.96262571,56.86303029,57.39974989,57.04663082
3539.219,56.57440564,56.26651281,56.48589313,56.97705528,56.87219627,57.41032428,57.06108166
3538.736,56.58091938,56.27817427,56.50150291,56.9875518,56.8787443,57.41957848,57.07159367
3538.254,56.58352509,56.28465391,56.51581567,56.99280079,56.88398327,57.42486726,57.07947895
3537.772,56.58222222,56.28724598,56.52362416,56.99542547,56.88529308,57.42618953,57.08210762
3537.29,56.57570832,56.28335792,56.52622723,56.9914885,56.88398327,57.42354502,57.07947895
3536.808,56.56659013,56.27428685,56.51971978,56.9823033,56.87743463,57.41561221,57.07027957
3536.326,56.5548689,56.25873984,56.50800826,56.96918415,56.86826781,57.40371506,57.05714016
3535.844,56.54445207,56.24190209,56.49239668,56.95475657,56.85779326,57.38917743,57.04269031
3535.362,56.53794252,56.2276587,56.47808985,56.94295491,56.8499386,57.37728575,57.03087043
3534.879,56.53924437,56.2198911,56.47028765,56.93771051,56.84601168,57.37068033,57.02561793
3534.397,56.5470561,56.22118562,56.47158795,56.94033265,56.8499386,57.37200135,57.02824412
3533.915,56.55877571,56.2315429,56.48069082,56.94951109,56.85910247,57.37728575,57.03743673
3533.433,56.57180035,56.24578728,56.49499831,56.96393733,56.87219627,57.38785602,57.05188525
3532.951,56.58222222,56.26133071,56.50930942,56.97836724,56.88529308,57.39710659,57.06502344
3532.469,56.58613091,56.2729911,56.51971978,56.9875518,56.89315262,57.4023933,57.07553617
3531.987,56.58222222,56.27687844,56.52362416,56.99017624,56.89577271,57.4023933,57.07947895
3531.505,56.57180035,56.2729911,56.51971978,56.98361538,56.89053265,57.39446342,57.0768504
3531.023,56.5548689,56.25873984,56.50930942,56.96918415,56.876125,57.38124937,57.06765144
3530.54,56.5366407,56.23672226,56.49239668,56.94688853,56.85386579,57.36275483,57.05188525
3530.058,56.51711701,56.20824171,56.47028765,56.92066955,56.82899817,57.33898488,57.03349686
3529.576,56.49890098,56.17718846,56.44818728,56.89315262,56.80021767,57.31390507,57.01248881
3529.094,56.47939032,56.14485958,56.4234971,56.86433963,56.77275897,57.28751711,56.98886401
3528.612,56.46118645,56.11384136,56.40011636,56.83684993,56.74662016,57.26114131,56.96524899
3528.13,56.44428811,56.08671447,56.37804345,56.81198975,56.72702396,57.23873143,56.94295491
3527.648,56.42869413,56.06734615,56.36117,56.79237097,56.71396358,57.22291797,56.92591238
3527.166,56.41830054,56.05572837,56.34949133,56.78191039,56.70874028,57.21633031,56.91542721
3526.683,56.41310446,56.05572837,56.34819385,56.78191039,56.71396358,57.22160038,56.91411669
3526.201,56.41570244,56.06476421,56.35338395,56.78975564,56.72702396,57.23741347,56.92066955
3525.719,56.42479631,56.08025762,56.36376558,56.80675741,56.74531354,57.25982284,56.9324666
3525.237,56.4351911,56.09704697,56.37544721,56.82638116,56.76491606,57.28619804,56.94557729
3524.755,56.44688753,56.11125728,56.3858329,56.84470277,56.78191039,57.30730694,56.95606802
3524.273,56.45338659,56.12030207,56.39102647,56.85779326,56.79367868,57.32050395,56.96131411
3523.791,56.45598643,56.12159431,56.39102647,56.86564899,56.79760198,57.32446365,56.96000254
3523.309,56.45468649,56.1177177,56.38713125,56.86826781,56.79629418,57.32050395,56.95344516
3522.827,56.45208672,56.1125493,56.3832363,56.86957727,56.79106329,57.31390507,56.94557729
3522.344,56.45208672,56.11125728,56.38063982,56.87219627,56.78714044,57.3086265,56.94164376
3521.862,56.45728639,56.11513344,56.3858329,56.880054,56.78583288,57.3086265,56.94164376
3521.38,56.47028765,56.12805592,56.39622051,56.89315262,56.79106329,57.31786431,56.94819979
3520.898,56.48719378,56.14744521,56.41310446,56.91018534,56.80021767,57.33238387,56.96131411
3520.416,56.50930942,56.17330802,56.43259223,56.92984482,56.81329791,57.35218919,56.97705528
3519.934,56.53143373,56.19918274,56.45468649,56.94819979,56.82768965,57.37332241,56.99280079
3519.452,56.55226451,56.22636402,56.47678941,56.96262571,56.83946742,57.39182036,57.00723801
3518.97,56.56919518,56.24967273,56.49629917,56.97443145,56.84732063,57.40635866,57.02036592
3518.488,56.58091938,56.27039969,56.51191183,56.98099125,56.85386579,57.41693427,57.02955726
3518.005,56.58873686,56.28724598,56.52492568,56.98492749,56.85648407,57.42222281,57.03875008
3517.523,56.59134293,56.30150446,56.53273543,56.9875518,56.85779326,57.42618953,57.04531728
3517.041,56.59264601,56.31187654,56.53794252,56.99017624,56.86041171,57.42883417,57.05319893
3516.559,56.59394912,56.31836005,56.53924437,56.99280079,56.86564899,57.43147893,57.06108166
3516.077,56.59655543,56.3235474,56.54054625,56.99805027,56.87350582,57.43544629,57.07159367
3515.595,56.60046511,56.32614126,56.54054625,57.00330022,56.88267348,57.44205917,57.08210762
3515.113,56.60567845,56.32614126,56.54054625,57.00855066,56.89446265,57.44999563,57.09393812
3514.631,56.61219579,56.32484432,56.54054625,57.01380159,56.90363369,57.45793319,57.10314132
3514.148,56.61871389,56.32225052,56.54054625,57.01642723,56.91149576,57.46587185,57.11103095
3513.666,56.62132134,56.31706329,56.54054625,57.01905299,56.91542721,57.47248823,57.11497618
3513.184,56.6226251,56.31057992,56.53924437,57.01774009,56.91411669,57.475135,57.11366107
3512.702,56.61871389,56.3040973,56.53533892,57.01380159,56.90756459,57.4738116,57.10971594
3512.22,56.61349935,56.29631914,56.53013206,57.00592538,56.89839292,57.46719506,57.10051168
3511.738,56.60437507,56.28724598,56.52102121,56.99542547,56.88660293,57.45661019,57.08736532
3511.256,56.59394912,56.27558263,56.50800826,56.9823033,56.87481539,57.44073653,57.07290781
3510.774,56.58222222,56.26262619,56.49239668,56.9678724,56.86172099,57.42090063,57.05582639
3510.292,56.56919518,56.24578728,56.47418862,56.95213377,56.8486296,57.39710659,57.03743673
3509.809,56.55617114,56.22636402,56.45598643,56.93639949,56.83815866,57.37332241,57.02167888
3509.327,56.54445207,56.20824171,56.44038921,56.92460163,56.83030672,57.35218919,57.00855066
3508.845,56.53533892,56.19141907,56.43129283,56.91673775,56.82768965,57.33634438,57.00330022
3508.363,56.53013206,56.18236281,56.43129283,56.91673775,56.8316153,57.33106375,57.00723801
3507.881,56.53273543,56.18106918,56.44168882,56.92198021,56.84208504,57.33634438,57.02036592
3507.399,56.54054625,56.18883142,56.46118645,56.93377753,56.85648407,57.35086862,57.04006346
3506.917,56.55226451,56.20047679,56.48459251,56.94951109,56.87481539,57.37332241,57.06370949
3506.435,56.56789264,56.2160077,56.50800826,56.96262571,56.89184262,57.39578499,57.08605085
3505.952,56.58091938,56.2289534,56.52752881,56.97311958,56.90494396,57.41693427,57.10314132
3505.47,56.59134293,56.23542737,56.5366407,56.97836724,56.91149576,57.43147893,57.11103095
3504.988,56.59525226,56.23542737,56.5366407,56.97574335,56.90887495,57.4367688,57.11103095
3504.506,56.59264601,56.22636402,56.52622723,56.96656068,56.89839292,57.43147893,57.10051168
3504.024,56.58222222,56.21083025,56.50670713,56.94951109,56.8787443,57.41825636,57.08210762
3503.542,56.56659013,56.19141907,56.48459251,56.92853398,56.85517492,57.39842822,57.05845397
3503.06,56.54835816,56.17201459,56.46248653,56.90756459,56.82768965,57.37728575,57.03349686
3502.578,56.53143373,56.15649584,56.44428811,56.88922272,56.8054494,57.35879248,57.01117606
3502.096,56.51841838,56.14744521,56.43259223,56.8787443,56.78844803,57.3469071,56.99411312
3501.613,56.51321308,56.14873807,56.42999347,56.876125,56.78191039,57.34294585,56.98492749
3501.131,56.51581567,56.159082,56.43389165,56.88267348,56.78583288,57.3469071,56.9823033
3500.649,56.52622723,56.17589495,56.44428811,56.8970828,56.79760198,57.35879248,56.98886401
3500.167,56.54184816,56.19918274,56.4598864,56.91673775,56.81591432,57.37332241,57.00198769
3499.685,56.56007804,56.22377476,56.47678941,56.93902157,56.83554123,57.39182036,57.01905299
3499.203,56.57831379,56.24967273,56.49629917,56.96000254,56.85517492,57.40900238,57.03743673
3498.721,56.59525226,56.2729911,56.51321308,56.97836724,56.86957727,57.42222281,57.05582639
3498.239,56.60567845,56.29243046,56.52883042,56.9914885,56.880054,57.43147893,57.06896549
3497.756,56.61089226,56.3040973,56.54054625,56.99936271,56.88267348,57.43544629,57.0768504
3497.274,56.6082853,56.30798678,56.54835816,57.00198769,56.88136372,57.43280135,57.07816466
3496.792,56.6017684,56.3040973,56.55096237,57.00067518,56.876125,57.42751184,57.07290781
3496.31,56.59394912,56.29502288,56.54966025,56.99542547,56.86957727,57.42090063,57.06370949
3495.828,56.58482799,56.28206197,56.54445207,56.99017624,56.86564899,57.41429019,57.05451264
3495.346,56.57961657,56.26910404,56.5366407,56.98361538,56.86303029,57.41164622,57.04794438
3494.864,56.57961657,56.25873984,56.53013206,56.97967923,56.86695839,57.41164622,57.04531728
3494.382,56.58352509,56.25226318,56.52362416,56.97574335,56.87350582,57.41429019,57.04663082
3493.9,56.59134293,56.25096794,56.51841838,56.97443145,56.88398327,57.42090063,57.05451264
3493.417,56.6017684,56.25355845,56.51711701,56.97443145,56.8970828,57.43015653,57.06370949
3492.935,56.61219579,56.26003526,56.51711701,56.97443145,56.90887495,57.44073653,57.0768504
3492.453,56.62132134,56.26780841,56.51971978,56.97705528,56.92066955,57.44999563,57.08867982
3491.971,56.6291444,56.27558263,56.52622723,56.97967923,56.92984482,57.46057929,57.09919691
3491.489,56.63436038,56.28206197,56.53273543,56.98361538,56.93508849,57.46984158,57.10840095
3491.007,56.63827268,56.28724598,56.54054625,56.98886401,56.93902157,57.47645842,57.11366107
3490.525,56.63957684,56.28854205,56.54835816,56.99280079,56.93902157,57.48307603,57.11629132
3490.043,56.63827268,56.28594993,56.55356669,56.99673785,56.93639949,57.48572328,57.11497618
3489.561,56.63436038,56.28076604,56.55617114,56.99805027,56.9324666,57.48439964,57.10971594
3489.078,56.62653659,56.27169538,56.55356669,56.99542547,56.92460163,57.4804289,57.10182648
3488.596,56.61610656,56.26003526,56.54835816,56.9914885,56.91411669,57.47116489,57.09130891
3488.114,56.6017684,56.24837755,56.53794252,56.9823033,56.90232345,57.46057929,57.08079327
3487.632,56.58743387,56.23542737,56.52622723,56.97180774,56.88791281,57.44735002,57.07027957
3487.15,56.57310298,56.22506938,56.51191183,56.96131411,56.87481539,57.43544629,57.06108166
3486.668,56.56268279,56.2198911,56.49890098,56.95082241,56.86303029,57.42618953,57.05451264
3486.186,56.55877571,56.21730213,56.48979517,56.94557729,56.85648407,57.42090063,57.05188525
3485.704,56.56007804,56.22118562,56.48459251,56.94557729,56.85779326,57.42090063,57.05188525
3485.221,56.56919518,56.2276587,56.48589313,56.95213377,56.86303029,57.42618953,57.05582639
3484.739,56.58222222,56.23542737,56.49239668,56.96524899,56.87481539,57.43544629,57.06239556
3484.257,56.59525226,56.24449218,56.50280392,56.97967923,56.88660293,57.44735002,57.07027957
3483.775,56.60698186,56.25096794,56.51321308,56.99542547,56.8970828,57.45661019,57.07553617
3483.293,56.61219579,56.25355845,56.51841838,57.00592538,56.90101324,57.46190238,57.07816466
3482.811,56.6082853,56.25096794,56.51841838,57.00986335,56.8970828,57.45925622,57.07290781
3482.329,56.59394912,56.24190209,56.50930942,57.00330022,56.88267348,57.44602726,57.0597678
3481.847,56.57180035,56.22636402,56.49109591,56.9875518,56.86041171,57.42618953,57.04137687
3481.365,56.5431501,56.20824171,56.46638696,56.96262571,56.83292391,57.40107158,57.01774009
3480.882,56.51581567,56.18753764,56.44038921,56.93508849,56.8054494,57.37596461,56.99673785
3480.4,56.49369748,56.1707212,56.41700148,56.91018534,56.78191039,57.35483042,56.97836724
3479.918,56.48069082,56.1577889,56.40141504,56.89184262,56.76753024,57.3416255,56.96918415
3479.436,56.47808985,56.15261682,56.39362343,56.88136372,56.762302,57.33766462,56.96918415
3478.954,56.48459251,56.1552028,56.3975191,56.88136372,56.76753024,57.34426624,56.97574335
3478.472,56.50020193,56.16425468,56.40920772,56.88922272,56.78060295,57.35879248,56.99017624
3477.99,56.51971978,56.18106918,56.42869413,56.90232345,56.80152556,57.37728575,57.00723801
3477.508,56.54054625,56.20047679,56.45208672,56.91935892,56.8250727,57.39710659,57.02561793
3477.025,56.56007804,56.22118562,56.47808985,56.93639949,56.8499386,57.41561221,57.04137687
3476.543,56.57701104,56.24060709,56.50150291,56.95082241,56.87219627,57.43015653,57.05319893
3476.061,56.58873686,56.25614909,56.52232267,56.96262571,56.88922272,57.44073653,57.06108166
3475.579,56.59655543,56.26651281,56.53794252,56.96918415,56.89970306,57.44602726,57.06502344
3475.097,56.59916185,56.27169538,56.54835816,56.97311958,56.90494396,57.44867281,57.06502344
3474.615,56.59916185,56.27169538,56.5548689,56.97443145,56.90494396,57.44999563,57.06370949
3474.133,56.59525226,56.27039969,56.55617114,56.97443145,56.90232345,57.44999563,57.06370949
3473.651,56.59003988,56.26521724,56.55356669,56.97443145,56.89970306,57.44999563,57.06239556
3473.169,56.58352509,56.25744445,56.54835816,56.97180774,56.89446265,57.44735002,57.06108166
3472.686,56.57180035,56.2470824,56.53794252,56.96656068,56.88791281,57.44073653,57.05714016
3472.204,56.55617114,56.2315429,56.52232267,56.95344516,56.87743463,57.42883417,57.04794438
3471.722,56.53403716,56.20824171,56.50020193,56.93377753,56.86172099,57.40900238,57.03218363
3471.24,56.50410496,56.17848201,56.47028765,56.90494396,56.83946742,57.37992814,57.00723801
3470.758,56.46768716,56.14227407,56.43389165,56.86957727,56.80806545,57.34294585,56.97443145
3470.276,56.42739483,56.10092215,56.39102647,56.82899817,56.77275897,57.30202898,56.93639949
3469.794,56.38453459,56.05830989,56.34559898,56.78583288,56.73224895,57.2585044,56.89446265
3469.312,56.3417069,56.01572999,56.30150446,56.74531354,56.69307324,57.21633031,56.85517492
3468.829,56.3040973,55.97704905,56.26003526,56.71004606,56.65392457,57.17813688,56.81853085
3468.347,56.27169538,55.94483535,56.22377476,56.68002068,56.6200176,57.14391617,56.78844803
3467.865,56.24578728,55.91650262,56.19530077,56.65783822,56.59003988,57.11497618,56.76491606
3467.383,56.2289534,55.89590601,56.17460147,56.64088102,56.56659013,57.09130891,56.74792682
3466.901,56.2198911,55.88046354,56.16166828,56.63175233,56.54966025,57.07290781,56.73616801
3466.419,56.2198911,55.8727439,56.159082,56.6291444,56.53924437,57.06370949,56.7296364
3465.937,56.22636402,55.8727439,56.16425468,56.63436038,56.5366407,57.06239556,56.72833016
3465.455,56.23801717,55.87789021,56.17718846,56.64348949,56.54184816,57.07027957,56.73094266
3464.973,56.25485376,55.88818424,56.19530077,56.65783822,56.55226451,57.08605085,56.73616801
3464.49,56.2729911,55.90234164,56.21471329,56.67480049,56.56789264,57.10577107,56.74400695
3464.008,56.28854205,55.91521511,56.23024814,56.68785185,56.58352509,57.12681349,56.75184696
3463.526,56.29761542,55.9242283,56.23931211,56.69698959,56.59394912,57.1426004,56.75838114
3463.044,56.29891174,55.92680377,56.23801717,56.69698959,56.59655543,57.15049548,56.75968806
3462.562,56.29113429,55.92036533,56.22377476,56.68785185,56.58743387,57.14917956,56.75446054
3462.08,56.2729911,55.9049161,56.19918274,56.66958079,56.56919518,57.13602199,56.74139385
3461.598,56.24578728,55.88046354,56.16554792,56.64218524,56.54054625,57.11497618,56.72179945
3461.116,56.2160077,55.85216341,56.13064077,56.61219579,56.50800826,57.08999435,56.69698959
3460.634,56.18365648,55.82387762,56.09704697,56.58222222,56.47418862,57.06370949,56.67088567
3460.151,56.15649584,55.79817569,56.07251038,56.55617114,56.44688753,57.04137687,56.64609808
3459.669,56.13451827,55.78019138,56.05960069,56.53794252,56.42609556,57.02430488,56.62653659
3459.187,56.12288657,55.7712014,56.05830989,56.52752881,56.41700148,57.01642723,56.61610656
3458.705,56.11900987,55.77376982,56.06734615,56.52752881,56.41700148,57.01642723,56.61480294
3458.223,56.12547118,55.78404467,56.08413164,56.53403716,56.42479631,57.02299186,56.62132134
3457.741,56.13581083,55.80074535,56.1047976,56.54445207,56.43649059,57.03349686,56.63305634
3457.259,56.15003095,55.82002157,56.12417886,56.55617114,56.44688753,57.04269031,56.64609808
3456.777,56.16166828,55.8341617,56.13710342,56.56268279,56.45338659,57.04925797,56.65653364
3456.294,56.16942784,55.84187601,56.14098137,56.5639852,56.45208672,57.04925797,56.65783822
3455.812,56.17201459,55.83930446,56.13581083,56.5548689,56.44298845,57.04269031,56.65131562
3455.33,56.1668412,55.82773393,56.12159431,56.54054625,56.42739483,57.02824412,56.63566445
3454.848,56.1552028,55.80845504,56.10092215,56.51971978,56.40790886,57.00855066,56.61349935
3454.366,56.13968869,55.78404467,56.07638387,56.49760006,56.38842963,56.9875518,56.59003988
3453.884,56.12030207,55.75964499,56.05185631,56.475489,56.37025507,56.96524899,56.56528765
3453.402,56.09833867,55.73525597,56.02991969,56.45598643,56.35468155,56.94295491,56.54184816
3452.92,56.07509267,55.71216042,56.00799166,56.44038921,56.3404096,56.92198021,56.52102121
3452.438,56.05185631,55.69035675,55.98736136,56.42609556,56.32614126,56.90101324,56.50020193
3451.955,56.02733948,55.66984345,55.96673865,56.41440344,56.31187654,56.88136372,56.47939032
3451.473,56.00283337,55.65061908,55.94612354,56.40141504,56.29502288,56.86172099,56.45728639
3450.991,55.98091594,55.63140136,55.92294062,56.38972803,56.27687844,56.84208504,56.4351911
3450.509,55.9577186,55.61090977,55.8997673,56.37544721,56.25873984,56.82376427,56.4105066
3450.027,55.93581883,55.59042573,55.87531699,56.35857453,56.23801717,56.8054494,56.38713125
3449.545,55.91135276,55.56611073,55.84959138,56.33781509,56.21471329,56.78583288,56.36117
3449.063,55.88303699,55.5379698,55.81873628,56.31057992,56.18624389,56.76099502,56.33262642
3448.581,55.85087738,55.50473072,55.78276021,56.27687844,56.15261682,56.73094266,56.30020808
3448.098,55.81231029,55.46384838,55.74295661,56.23542737,56.1125493,56.69307324,56.2639217
3447.616,55.76991724,55.41789175,55.70061624,56.18753764,56.06605516,56.64870679,56.22377476
3447.134,55.72755639,55.3719732,55.65830803,56.13968869,56.01959955,56.60307172,56.18236281
3446.652,55.68907445,55.32991461,55.62115462,56.09575531,55.97962695,56.5639852,56.14485958
3446.17,55.66087125,55.29680005,55.59298582,56.06347329,55.94741176,56.53403716,56.11642555
3445.688,55.6429312,55.27770451,55.57762703,56.04540347,55.92937935,56.51971978,56.0996304
3445.206,55.63396334,55.27134079,55.57122879,56.03895138,55.92294062,56.51711701,56.09317206
3444.724,55.63268234,55.27388619,55.57250838,56.04024174,55.92551602,56.52232267,56.09446367
3444.242,55.63140136,55.2802502,55.573788,56.04282254,55.92937935,56.53013206,56.09833867
3443.759,55.6288395,55.28534193,55.573788,56.04411299,55.93195506,56.53403716,56.0996304
3443.277,55.62371613,55.28661494,55.5686697,56.04024174,55.93066719,56.53403716,56.0996304
3442.795,55.61475137,55.28152309,55.55843451,56.02991969,55.92294062,56.52752881,56.09446367
3442.313,55.60578805,55.27134079,55.54692219,56.01572999,55.91264018,56.51711701,56.08671447
3441.831,55.59554603,55.2573432,55.53413351,55.99896497,55.89848017,56.50670713,56.07767509
3441.349,55.58658581,55.24080516,55.52134777,55.98349402,55.88432376,56.49890098,56.06863716
3440.867,55.57762703,55.22427207,55.5111213,55.96931607,55.8714574,56.49239668,56.05960069
3440.385,55.56355187,55.20774393,55.50089672,55.95514172,55.85730782,56.48589313,56.04798452
3439.902,55.54564318,55.18867914,55.48684099,55.93968287,55.84187601,56.475489,56.03250003
3439.42,55.51879098,55.16581009,55.46767982,55.92036533,55.82387762,56.46118645,56.01057099
3438.938,55.48556337,55.14041114,55.44341851,55.89590601,55.80203022,56.4377901,55.98220497
3438.456,55.44724854,55.10994784,55.41278781,55.86759807,55.77633836,56.40790886,55.9512766
3437.974,55.40513278,55.07823314,55.37962365,55.83673302,55.74809096,56.37285108,55.91779016
3437.492,55.36559863,55.04653668,55.34520495,55.80460006,55.71985788,56.33522069,55.88561056
3437.01,55.33118865,55.01739205,55.3146285,55.77633836,55.69292145,56.30020808,55.85730782
3436.528,55.3031667,54.99332769,55.28788798,55.75450957,55.66856162,56.27039969,55.83544735
3436.046,55.28534193,54.9756028,55.26879551,55.73782273,55.65061908,56.2470824,55.82130689
3435.563,55.27643171,54.96547685,55.2573432,55.7301228,55.63908765,56.2328377,55.81359543
3435.081,55.27770451,54.96421124,55.25225405,55.72883958,55.63524437,56.22636402,55.81231029
3434.599,55.28788798,54.96927386,55.25479856,55.73525597,55.63780653,56.2289534,55.81873628
3434.117,55.3031667,54.97940051,55.2637053,55.74809096,55.64549371,56.23801717,55.83030495
3433.635,55.32354489,54.99459398,55.27515894,55.76349686,55.65830803,56.25355845,55.84573356
3433.153,55.34520495,55.00979164,55.29043414,55.77890701,55.6724072,56.2729911,55.86245271
3432.671,55.36559863,55.02499351,55.30571356,55.79432142,55.68650993,56.29372666,55.88046354
3432.189,55.38344927,55.03766494,55.3209972,55.80717002,55.69805119,56.31576656,55.89719308
3431.707,55.39747881,55.04907173,55.33501092,55.81745103,55.70959484,56.33651787,55.91135276
3431.224,55.40768434,55.0579453,55.34775375,55.82516302,55.71985788,56.35468155,55.9242283
3430.742,55.41533972,55.06555236,55.3592248,55.83030495,55.73140605,56.37025507,55.93581883
3430.26,55.42299616,55.07189238,55.37069822,55.83673302,55.74295661,56.3832363,55.94483535
3429.778,55.43065366,55.08076964,55.38344927,55.84573356,55.75707722,56.39492196,55.95514172
3429.296,55.44086531,55.09091683,55.39620325,55.85602168,55.7724856,56.40531124,55.96544998
3428.814,55.45235565,55.10360344,55.41023601,55.87017092,55.78918281,56.41440344,55.97704905
3428.332,55.46767982,55.12010041,55.42554854,55.88561056,55.80588503,56.4234971,55.98993973
3427.85,55.48428578,55.1391415,55.44341851,55.90234164,55.82130689,56.43259223,56.00283337
3427.367,55.50345269,55.1619995,55.46129424,55.92036533,55.83801872,56.44298845,56.01830967
3426.885,55.52390468,55.18613767,55.4804532,55.93968287,55.85344947,56.45468649,56.03379024
3426.403,55.54564318,55.21410032,55.50089672,55.95900709,55.87017092,56.46768716,56.05056568
3425.921,55.5686697,55.24334915,55.52006936,55.97833799,55.88818424,56.48199136,56.06863716
3425.439,55.59170576,55.27134079,55.54052748,56.00025441,55.90620337,56.49890098,56.08542304
3424.957,55.61347081,55.29807332,55.55971381,56.02088946,55.9242283,56.51451436,56.10092215
3424.475,55.63524437,55.3209972,55.57634732,56.04282254,55.94097095,56.53013206,56.11513344
3423.993,55.65318195,55.3401077,55.59170576,56.06218239,55.95385332,56.5431501,56.12547118
3423.511,55.66727982,55.3528517,55.6045077,56.07896634,55.96544998,56.5548689,56.13451827
3423.028,55.67881709,55.36177424,55.61475137,56.09317206,55.97318243,56.5639852,56.14227407
3422.546,55.68522772,55.3643238,55.62115462,56.10221394,55.97833799,56.57049775,56.14873807
3422.064,55.68779218,55.36177424,55.62499693,56.10608948,55.98091594,56.57310298,56.1552028
3421.582,55.68650993,55.35667547,55.62755861,56.10738138,55.98220497,56.57440564,56.16037512
3421.1,55.68522772,55.34902819,55.6288395,56.1047976,55.9847831,56.57440564,56.16554792
3420.618,55.68266338,55.34138197,55.63140136,56.10350576,55.98865053,56.57440564,56.1707212
3420.136,55.68394553,55.33883346,55.63652544,56.10221394,55.99380751,56.57570832,56.17718846
3419.654,55.68907445,55.34138197,55.64421244,56.10608948,56.0041229,56.58091938,56.18495017
3419.171,55.6993337,55.35030266,55.65702647,56.11513344,56.01572999,56.58873686,56.19530077
3418.689,55.71472612,55.36559863,55.6724072,56.12934833,56.03120984,56.6017684,56.20953596
3418.207,55.73397263,55.38599983,55.69035675,56.14744521,56.04927508,56.61741021,56.22506938
3417.725,55.75579338,55.40768434,55.7083121,56.1681345,56.06605516,56.63696855,56.24190209
3417.243,55.77633836,55.42810104,55.7249901,56.18753764,56.08413164,56.65522909,56.25744445
3416.761,55.79560615,55.44597183,55.74038961,56.20435911,56.0996304,56.67219058,56.27169538
3416.279,55.81102517,55.46129424,55.75194204,56.21730213,56.11384136,56.68785185,56.28206197
3415.797,55.82259224,55.47151153,55.76221287,56.22636402,56.12676353,56.69960064,56.28983816
3415.315,55.82901942,55.47917573,55.76991724,56.2315429,56.13839604,56.70743452,56.29372666
3414.832,55.8315905,55.48428578,55.77633836,56.23542737,56.14615238,56.71265771,56.29631914
3414.35,55.83030495,55.48811864,55.78019138,56.23672226,56.15261682,56.71526949,56.29631914
3413.868,55.82644846,55.49067402,55.78532916,56.23801717,56.1577889,56.71526949,56.29631914
3413.386,55.82130689,55.49195175,55.78789823,56.23931211,56.159082,56.71526949,56.29761542
3412.904,55.8161658,55.49450731,55.78918281,56.24060709,56.159082,56.71526949,56.29891174
3412.422,55.81231029,55.49706298,55.79175206,56.24449218,56.1577889,56.71526949,56.30280086
3411.94,55.80974009,55.49961878,55.79303672,56.24837755,56.15649584,56.71657542,56.30798678
3411.458,55.80974009,55.50217469,55.7968909,56.25355845,56.1552028,56.71788138,56.31576656
3410.975,55.81231029,55.50473072,55.79946051,56.25744445,56.15390979,56.72179945,56.32225052
3410.493,55.8161658,55.50600878,55.80460006,56.26133071,56.15261682,56.72702396,56.33003227
3410.011,55.82130689,55.50600878,55.80717002,56.2639217,56.15003095,56.73094266,56.33392354
3409.529,55.82516302,55.50600878,55.81102517,56.26521724,56.14873807,56.73747443,56.33781509
3409.047,55.82901942,55.50345269,55.81359543,56.2639217,56.14615238,56.74008734,56.33781509
3408.565,55.83030495,55.50217469,55.81359543,56.26003526,56.14227407,56.74270038,56.33651787
3408.083,55.83287609,55.49961878,55.81359543,56.25485376,56.14227407,56.74270038,56.33392354
3407.601,55.83544735,55.49961878,55.81359543,56.25096794,56.14485958,56.74139385,56.33262642
3407.119,55.83930446,55.50089672,55.8148806,56.24837755,56.15132387,56.74008734,56.33522069
3406.636,55.84701947,55.50600878,55.81745103,56.2470824,56.16166828,56.74139385,56.3404096
3406.154,55.85602168,55.5111213,55.82002157,56.24967273,56.17330802,56.74270038,56.34819385
3405.672,55.86502533,55.51495601,55.82259224,56.25355845,56.18624389,56.74662016,56.35597918
3405.19,55.8714574,55.5162343,55.82387762,56.25744445,56.19530077,56.75054022,56.36246777
3404.708,55.87660359,55.5162343,55.82387762,56.26003526,56.20177087,56.75446054,56.36765919
3404.226,55.87789021,55.51239951,55.82387762,56.26262619,56.20306497,56.75838114,56.36895712
3403.744,55.87660359,55.50856498,55.82259224,56.26521724,56.20047679,56.762302,56.36895712
3403.262,55.8727439,55.50473072,55.82259224,56.26651281,56.19659473,56.76622314,56.36895712
3402.78,55.86888448,55.50345269,55.82516302,56.26780841,56.19271294,56.77014454,56.36895712
3402.297,55.86502533,55.50345269,55.82644846,56.26910404,56.18753764,56.77406622,56.36895712
3401.815,55.86245271,55.50473072,55.82901942,56.27039969,56.18365648,56.77668083,56.36895712
3401.333,55.86116644,55.50856498,55.8315905,56.2729911,56.18236281,56.77798817,56.37025507
3400.851,55.86245271,55.51367774,55.8341617,56.27687844,56.18365648,56.78060295,56.37285108
3400.369,55.86759807,55.52006936,55.83930446,56.28335792,56.18883142,56.78452536,56.37674531
3399.887,55.87531699,55.53029748,55.84701947,56.29372666,56.19788872,56.79106329,56.38453459
3399.405,55.88689738,55.54308527,55.85730782,56.30798678,56.20953596,56.79890981,56.39492196
3398.923,55.90105445,55.55587601,55.86888448,56.32484432,56.22248018,56.80806545,56.40790886
3398.44,55.91392763,55.5686697,55.88046354,56.3404096,56.23413252,56.81591432,56.41959964
3397.958,55.9242283,55.57890677,55.88947113,56.35338395,56.24190209,56.8211475,56.42869413
3397.476,55.92809155,55.58402601,55.89461898,56.36117,56.24578728,56.8211475,56.43259223
3396.994,55.92937935,55.58658581,55.89590601,56.36376558,56.24449218,56.81853085,56.43259223
3396.512,55.92680377,55.58786575,55.89461898,56.36376558,56.24060709,56.81591432,56.42869413
3396.03,55.9242283,55.58914572,55.89461898,56.36246777,56.23931211,56.8146061,56.42609556
3395.548,55.9242283,55.59554603,55.89848017,56.36376558,56.24060709,56.81853085,56.42739483
3395.066,55.92809155,55.6045077,55.90749067,56.36895712,56.2470824,56.82638116,56.43389165
3394.584,55.93453088,55.61731258,55.91907773,56.37674531,56.25614909,56.83815866,56.44558781
3394.101,55.94097095,55.62755861,55.92937935,56.3858329,56.26651281,56.8486296,56.45728639
3393.619,55.94483535,55.63524437,55.93581883,56.39232494,56.2729911,56.85648407,56.46638696
3393.137,55.94483535,55.63524437,55.93453088,56.39492196,56.27428685,56.85648407,56.47028765
3392.655,55.94097095,55.6288395,55.92680377,56.39232494,56.26910404,56.85124764,56.46508679
3392.173,55.93581883,55.61731258,55.91521511,56.3858329,56.26133071,56.84208504,56.45338659
3391.691,55.93195506,55.6045077,55.90234164,56.38063982,56.25226318,56.8316153,56.43908964
3391.209,55.93066719,55.59426591,55.89333197,56.37674531,56.24578728,56.8250727,56.42609556
3390.727,55.93581883,55.59042573,55.88947113,56.37674531,56.24449218,56.8250727,56.41830054
3390.244,55.94354718,55.59170576,55.89333197,56.38063982,56.24967273,56.83030672,56.41700148
3389.762,55.95385332,55.59682618,55.90234164,56.38713125,56.25873984,56.83815866,56.41959964
3389.28,55.96544998,55.60578805,55.91392763,56.39492196,56.27039969,56.8499386,56.42739483
3388.798,55.97447127,55.61603196,55.92551602,56.40141504,56.28465391,56.85910247,56.4377901
3388.316,55.98349402,55.62627776,55.93839483,56.40790886,56.30150446,56.86826781,56.44948706
3387.834,55.99122896,55.63780653,55.9512766,56.41440344,56.31836005,56.876125,56.46248653
3387.352,55.99767556,55.64805634,55.96287274,56.42219791,56.33651787,56.88136372,56.47678941
3386.87,56.00541246,55.65830803,55.97447127,56.43129283,56.35338395,56.88529308,56.49109591
3386.388,56.01315043,55.66856162,55.98607222,56.44038921,56.36895712,56.88791281,56.50540603
3385.905,56.01830967,55.67753505,55.99380751,56.44948706,56.37804345,56.88791281,56.51581567
3385.423,56.02088946,55.68266338,55.99896497,56.45598643,56.38193804,56.88529308,56.52232267
3384.941,56.02088946,55.68394553,56.00025441,56.4598864,56.38063982,56.880054,56.52232267
3384.459,56.01830967,55.68266338,55.99896497,56.45858638,56.37155306,56.87481539,56.51971978
3383.977,56.01572999,55.68009916,55.99509683,56.45468649,56.36117,56.86957727,56.51321308
3383.495,56.01315043,55.67753505,55.99251822,56.45078688,56.34819385,56.86826781,56.50540603
3383.013,56.01186069,55.67625304,55.98993973,56.44558781,56.33651787,56.86826781,56.49760006
3382.531,56.01315043,55.67497107,55.98736136,56.44168882,56.32743823,56.87088675,56.49239668
3382.048,56.01315043,55.67625304,55.98607222,56.43908964,56.32095367,56.87481539,56.48979517
3381.566,56.01315043,55.67881709,55.98349402,56.43649059,56.31576656,56.8787443,56.48849446
3381.084,56.01315043,55.68138125,55.98091594,56.4351911,56.31317318,56.88267348,56.48849446
3380.602,56.01315043,55.68394553,55.97833799,56.43389165,56.31187654,56.88529308,56.49109591
3380.12,56.01572999,55.68779218,55.97704905,56.43259223,56.31317318,56.88791281,56.49499831
3379.638,56.01959955,55.69035675,55.97704905,56.43389165,56.31576656,56.89053265,56.50150291
3379.156,56.02733948,55.69420384,55.97962695,56.43649059,56.32225052,56.89446265,56.50800826
3378.674,56.03766105,55.69805119,55.98349402,56.44038921,56.32873523,56.8970828,56.51581567
3378.192,56.04798452,55.70189881,55.98865053,56.44298845,56.33651787,56.90101324,56.52232267
3377.709,56.05830989,55.70702938,55.99509683,56.44558781,56.34430159,56.90494396,56.52883042
3377.227,56.06476421,55.71087762,55.99896497,56.44688753,56.35078884,56.90756459,56.53273543
3376.745,56.06863716,55.71729194,56.00283337,56.44688753,56.35727684,56.91018534,56.5366407
3376.263,56.06863716,55.723707,56.00541246,56.44558781,56.36376558,56.91411669,56.54054625
3375.781,56.06734615,55.73268932,56.00928131,56.44558781,56.37155306,56.91804832,56.54575407
3375.299,56.06476421,55.74295661,56.01315043,56.44688753,56.37934162,56.92460163,56.55096237
3374.817,56.06218239,55.75194204,56.01701981,56.44818728,56.3858329,56.93115569,56.55877571
3374.335,56.06089153,55.75964499,56.02088946,56.45208672,56.39102647,56.93639949,56.56528765
3373.853,56.06089153,55.76349686,56.02217941,56.45728639,56.39492196,56.93902157,56.57049775
3373.37,56.06089153,55.76478087,56.02346938,56.46118645,56.39622051,56.93902157,56.57310298
3372.888,56.06218239,55.76349686,56.02346938,56.46638696,56.39492196,56.93771051,56.57310298
3372.406,56.06347329,55.75964499,56.02475938,56.47028765,56.39232494,56.93508849,56.57180035
3371.924,56.06605516,55.75579338,56.02862957,56.47418862,56.38972803,56.93115569,56.57049775
3371.442,56.0699282,55.75194204,56.03379024,56.47678941,56.38842963,56.92984482,56.56919518
3370.96,56.07380151,55.75194204,56.04153213,56.48069082,56.38713125,56.93115569,56.57049775
3370.478,56.07767509,55.75322579,56.05056568,56.48329192,56.38713125,56.93508849,56.57180035
3369.996,56.08025762,55.75707722,56.05960069,56.48719378,56.38972803,56.94164376,56.57440564
3369.513,56.08284027,55.76349686,56.06863716,56.49109591,56.39492196,56.94951109,56.57831379
3369.031,56.08542304,55.76991724,56.07380151,56.49629917,56.40141504,56.958691,56.58352509
3368.549,56.08800593,55.77890701,56.07896634,56.50280392,56.4105066,56.9678724,56.59003988
3368.067,56.09317206,55.78661368,56.08284027,56.50930942,56.42089876,56.97574335,56.59655543
3367.585,56.0996304,55.79432142,56.08542304,56.51711701,56.43259223,56.98361538,56.60307172
3367.103,56.10867332,55.79946051,56.08800593,56.52362416,56.44558781,56.99017624,56.60958876
3366.621,56.11900987,55.80331513,56.09188048,56.52883042,56.45598643,56.99411312,56.61480294
3366.139,56.12934833,55.80588503,56.09704697,56.53013206,56.46378665,56.99673785,56.61741021
3365.657,56.13839604,55.80845504,56.10221394,56.53143373,56.47028765,56.99673785,56.61871389
3365.174,56.14744521,55.80974009,56.10867332,56.53273543,56.475489,56.99542547,56.6200176
3364.692,56.15390979,55.81231029,56.11513344,56.53533892,56.47808985,56.99542547,56.6200176
3364.21,56.16037512,55.81745103,56.12030207,56.53924437,56.48069082,56.99673785,56.6200176
3363.728,56.16554792,55.82387762,56.12417886,56.54445207,56.48199136,56.99805027,56.62132134
3363.246,56.16942784,55.83030495,56.12676353,56.55096237,56.48329192,57.00067518,56.6226251
3362.764,56.17330802,55.83544735,56.12805592,56.55617114,56.48329192,57.00330022,56.6239289
3362.282,56.17718846,55.84059022,56.12547118,56.5613804,56.48069082,57.00461279,56.6239289
3361.8,56.18106918,55.84316183,56.12288657,56.5639852,56.47808985,57.00461279,56.6226251
3361.317,56.18495017,55.84444768,56.12030207,56.56659013,56.475489,57.00461279,56.62132134
3360.835,56.18883142,55.84444768,56.12030207,56.57049775,56.475489,57.00461279,56.62132134
3360.353,56.19400684,55.84701947,56.12417886,56.57701104,56.48069082,57.00723801,56.6239289
3359.871,56.20047679,55.85087738,56.13193324,56.58873686,56.49109591,57.01248881,56.63175233
3359.389,56.20824171,55.858594,56.14356681,56.60437507,56.50540603,57.02167888,56.64348949
3358.907,56.21730213,55.86759807,56.15649584,56.6226251,56.52362416,57.03218363,56.65783822
3358.425,56.22636402,55.87917686,56.16942784,56.64218524,56.5431501,57.04400378,56.67349552
3357.943,56.23542737,55.89075805,56.17977558,56.65783822,56.5613804,57.05451264,56.68915715
3357.461,56.24319712,55.90105445,56.18624389,56.66958079,56.57440564,57.06370949,56.70221182
3356.978,56.24967273,55.908778,56.18753764,56.67610549,56.58482799,57.06896549,56.71135187
3356.496,56.25226318,55.91521511,56.18624389,56.67741052,56.58873686,57.07290781,56.71526949
3356.014,56.25485376,55.91779016,56.18365648,56.67610549,56.58873686,57.07553617,56.71657542
3355.532,56.25485376,55.92036533,56.18106918,56.67219058,56.58613091,57.07816466,56.71396358
3355.05,56.25355845,55.92294062,56.18106918,56.66827594,56.58222222,57.08079327,56.71135187
3354.568,56.25355845,55.9242283,56.18365648,56.66827594,56.57831379,57.08473641,56.70743452
3354.086,56.25485376,55.92809155,56.19012523,56.66958079,56.57570832,57.08999435,56.7061288
3353.604,56.25614909,55.93324295,56.19788872,56.67349552,56.57701104,57.09525277,56.70874028
3353.121,56.26003526,55.93839483,56.20824171,56.68002068,56.57961657,57.10051168,56.71265771
3352.639,56.26651281,55.94483535,56.2185966,56.68654658,56.58613091,57.10577107,56.7204934
3352.157,56.2729911,55.9512766,56.2276587,56.69176784,56.59394912,57.11103095,56.72833016
3351.675,56.28076604,55.9577186,56.23672226,56.69698959,56.6017684,57.11497618,56.73878087
3351.193,56.28983816,55.96416135,56.24578728,56.70090621,56.61089226,57.11892168,56.74792682
3350.711,56.30020808,55.97318243,56.25355845,56.70482311,56.61871389,57.12286745,56.75707424
3350.229,56.31057992,55.98220497,56.26133071,56.70874028,56.62784048,57.1281289,56.76622314
3349.747,56.32225052,55.99380751,56.27039969,56.71265771,56.63566445,57.13339084,56.77406622
3349.265,56.33262642,56.00541246,56.27817427,56.71918737,56.64218524,57.13865326,56.78321786
3348.782,56.3417069,56.01701981,56.28594993,56.72571779,56.64870679,57.14391617,56.79106329
3348.3,56.35078884,56.02604942,56.29243046,56.73355528,56.65522909,57.14786367,56.79890981
3347.818,56.35597918,56.03250003,56.29761542,56.73878087,56.66044747,57.15181144,56.80675741
3347.336,56.35987225,56.03637075,56.30280086,56.74400695,56.66305684,57.15444344,56.81198975
3346.854,56.36376558,56.03766105,56.30928334,56.74792682,56.66697112,57.15707556,56.81591432
3346.372,56.36506342,56.03766105,56.31576656,56.75315374,56.67088567,57.1597078,56.81853085
3345.89,56.36895712,56.04024174,56.3235474,56.75838114,56.67480049,57.16497264,56.8211475
3345.408,56.37285108,56.04411299,56.33262642,56.76622314,56.6813258,57.17023798,56.8250727
3344.926,56.37934162,56.05056568,56.3417069,56.77537351,56.68915715,57.17945347,56.82899817
3344.443,56.38713125,56.05701911,56.34949133,56.78583288,56.69698959,57.18867045,56.83423256
3343.961,56.39492196,56.06347329,56.35597918,56.79629418,56.70482311,57.19920597,56.83946742
3343.479,56.40271374,56.06734615,56.35857453,56.80675741,56.71135187,57.20842613,56.84339389
3342.997,56.40920772,56.06863716,56.35987225,56.8146061,56.71788138,57.21633031,56.8486296
3342.515,56.41570244,56.06734615,56.35987225,56.81983916,56.72179945,57.22160038,56.8525567
3342.033,56.42089876,56.06734615,56.36117,56.82376427,56.72702396,57.22687092,56.85648407
3341.551,56.42739483,56.06734615,56.36376558,56.8250727,56.73224895,57.23082415,56.86172099
3341.069,56.43259223,56.07121928,56.37025507,56.82768965,56.73616801,57.23477765,56.86826781
3340.586,56.4377901,56.07896634,56.37674531,56.83030672,56.74139385,57.23741347,56.876125
3340.104,56.44428811,56.08929742,56.3858329,56.83292391,56.74531354,57.24136743,56.88398327
3339.622,56.44948706,56.10221394,56.39362343,56.83684993,56.7492335,57.24532166,56.89184262
3339.14,56.45338659,56.11642555,56.40141504,56.84208504,56.75054022,57.24795796,56.89970306
3338.658,56.45858638,56.13064077,56.40790886,56.8486296,56.75054022,57.25059439,56.90625426
3338.176,56.46118645,56.14356681,56.41310446,56.85517492,56.75054022,57.25323094,56.91280621
3337.694,56.46508679,56.1552028,56.41700148,56.86041171,56.75054022,57.25323094,56.91804832
3337.212,56.46768716,56.16425468,56.41959964,56.86564899,56.7492335,57.25323094,56.92066955
3336.73,56.46898739,56.16942784,56.42089876,56.86957727,56.74792682,57.25059439,56.92329091
3336.247,56.46768716,56.1707212,56.41959964,56.86957727,56.74662016,57.24532166,56.92329091
3335.765,56.46638696,56.1681345,56.41570244,56.86826781,56.74531354,57.24004941,56.92066955
3335.283,56.46378665,56.16425468,56.41180552,56.86564899,56.74400695,57.23609555,56.91673775
3334.801,56.46248653,56.1577889,56.40790886,56.86172099,56.74400695,57.23345979,56.91149576
3334.319,56.46118645,56.15132387,56.40531124,56.85910247,56.74531354,57.23214195,56.90887495
3333.837,56.46118645,56.14744521,56.40401248,56.85910247,56.7492335,57.23609555,56.90887495
3333.355,56.46508679,56.14615238,56.40401248,56.85910247,56.75446054,57.24136743,56.91149576
3332.873,56.46898739,56.14744521,56.40661004,56.86303029,56.762302,57.24795796,56.91804832
3332.39,56.47418862,56.15132387,56.40920772,56.86695839,56.77014454,57.25454926,56.92722316
3331.908,56.47939032,56.15649584,56.41440344,56.87219627,56.77668083,57.26114131,56.93639949
3331.426,56.48589313,56.16296146,56.41959964,56.8787443,56.78321786,57.2664155,56.94426608
3330.944,56.49239668,56.1681345,56.42609556,56.88529308,56.78975564,57.27300892,56.95082241
3330.462,56.49890098,56.17330802,56.43389165,56.89315262,56.79367868,57.2796031,56.95475657
3329.98,56.50670713,56.17848201,56.44298845,56.90363369,56.79760198,57.28751711,56.95606802
3329.498,56.51451436,56.18236281,56.45208672,56.91280621,56.80152556,57.29543222,56.9573795
3329.016,56.52102121,56.18624389,56.4598864,56.92066955,56.8054494,57.3046679,56.95606802
3328.534,56.52622723,56.18753764,56.46638696,56.92591238,56.80806545,57.31126572,56.95475657
3328.051,56.52883042,56.18883142,56.46898739,56.92853398,56.81068162,57.31522478,56.95344516
3327.569,56.52883042,56.18753764,56.47028765,56.92722316,56.81198975,57.31522478,56.95213377
3327.087,56.52752881,56.18624389,56.46898739,56.92460163,56.81329791,57.31390507,56.95082241
3326.605,56.52622723,56.18624389,56.46768716,56.92198021,56.81591432,57.3099461,56.95082241
3326.123,56.52622723,56.18753764,56.46638696,56.92066955,56.8211475,57.30730694,56.95344516
3325.641,56.52622723,56.19400684,56.46898739,56.92066955,56.82899817,57.30598741,56.95606802
3325.159,56.53013206,56.20177087,56.47158795,56.92460163,56.83815866,57.30730694,56.96000254
3324.677,56.53403716,56.21083025,56.47808985,56.92984482,56.84601168,57.31126572,56.96524899
3324.194,56.53924437,56.2198911,56.48329192,56.93639949,56.8525567,57.31654453,56.97049593
3323.712,56.5431501,56.2289534,56.48979517,56.94295491,56.85648407,57.32314372,56.97443145
3323.23,56.5470561,56.23672226,56.49629917,56.95082241,56.85910247,57.32974367,56.97705528
3322.748,56.55096237,56.24449218,56.50280392,56.958691,56.86041171,57.33766462,56.97967923
3322.266,56.5548689,56.25226318,56.50930942,56.96656068,56.86172099,57.34426624,56.98361538
3321.784,56.56007804,56.26003526,56.51841838,56.97705528,56.86695839,57.35086862,56.99017624
3321.302,56.56659013,56.26910404,56.52883042,56.9875518,56.87481539,57.35747176,56.99936271
3320.82,56.57440564,56.27687844,56.54054625,56.99936271,56.88529308,57.36539654,57.01117606
3320.338,56.58352509,56.28465391,56.55356669,57.00986335,56.89839292,57.37464349,57.02561793
3319.855,56.59525226,56.29243046,56.56659013,57.01905299,56.91149576,57.38257064,57.04137687
3319.373,56.60567845,56.29891174,56.57831379,57.02693101,56.92460163,57.39182036,57.05714016
3318.891,56.61741021,56.3040973,56.58873686,57.03218363,56.93639949,57.40107158,57.07159367
3318.409,56.62784048,56.31187654,56.59655543,57.03612341,56.94557729,57.40900238,57.08210762
3317.927,56.63827268,56.31836005,56.60307172,57.03875008,56.95344516,57.41561221,57.08999435
3317.445,56.64870679,56.32614126,56.6082853,57.04137687,56.96000254,57.41957848,57.09525277
3316.963,56.65783822,56.33522069,56.61089226,57.04269031,56.96656068,57.42222281,57.09788217
3316.481,56.66566633,56.34300423,56.61349935,57.04531728,56.97180774,57.42222281,57.10051168
3315.999,56.67480049,56.35078884,56.61741021,57.04925797,56.97967923,57.42354502,57.10182648
3315.516,56.68263095,56.35857453,56.62132134,57.05582639,56.98623963,57.42486726,57.10577107
3315.034,56.69176784,56.36636129,56.62784048,57.06502344,56.99542547,57.42883417,57.112346
3314.552,56.69960064,56.37414913,56.63566445,57.07553617,57.00330022,57.43544629,57.11892168
3314.07,56.70743452,56.38193804,56.64348949,57.08605085,57.01117606,57.44470453,57.12549812
3313.588,56.71265771,56.38972803,56.65131562,57.09788217,57.01642723,57.45396427,57.13207531
3313.106,56.71657542,56.39622051,56.65653364,57.107086,57.02036592,57.46454866,57.13602199
3312.624,56.71788138,56.40271374,56.66175214,57.11497618,57.02299186,57.4738116,57.13865326
3312.142,56.71788138,56.40920772,56.66566633,57.12155216,57.02430488,57.48175245,57.13996894
3311.659,56.7204934,56.41440344,56.66827594,57.12681349,57.02561793,57.48969439,57.1426004
3311.177,56.72441164,56.42089876,56.67219058,57.13339084,57.02955726,57.49631352,57.1465478
3310.695,56.7296364,56.42739483,56.67741052,57.14128465,57.03481012,57.50293341,57.15181144
3310.213,56.73747443,56.43259223,56.68263095,57.14917956,57.04137687,57.50822987,57.15707556
3309.731,56.74400695,56.43649059,56.68654658,57.15575948,57.04794438,57.51087828,57.16234016
3309.249,56.7492335,56.4377901,56.68915715,57.1597078,57.05319893,57.51220253,57.16497264
3308.767,56.75184696,56.4351911,56.68785185,57.1597078,57.05582639,57.50822987,57.16497264
3308.285,56.75184696,56.43259223,56.68524134,57.15707556,57.05582639,57.50425748,57.16234016
3307.803,56.75054022,56.42999347,56.6813258,57.15181144,57.05582639,57.50160937,57.1597078
3307.32,56.75184696,56.43129283,56.68002068,57.14786367,57.05714016,57.50028536,57.16102396
3306.838,56.75707424,56.43649059,56.6813258,57.1465478,57.06108166,57.50425748,57.16628893
3306.356,56.76622314,56.44688753,56.68654658,57.14917956,57.06896549,57.51352682,57.17813688
3305.874,56.77929555,56.46248653,56.69568411,57.15707556,57.07947895,57.52544673,57.19393797
3305.392,56.79106329,56.48069082,56.70743452,57.16760525,57.0926235,57.53869398,57.21369547
3304.91,56.80283347,56.49760006,56.7204934,57.17945347,57.10445618,57.55194428,57.23214195
3304.428,56.81068162,56.51321308,56.73355528,57.19130415,57.11497618,57.56254672,57.2466398
3303.946,56.81329791,56.52492568,56.74531354,57.20184015,57.12155216,57.56917423,57.25982284
3303.463,56.81329791,56.53143373,56.75707424,57.21106074,57.12549812,57.57182545,57.26773412
3302.981,56.81198975,56.5366407,56.76753024,57.21896528,57.1281289,57.57315111,57.2743277
3302.499,56.81068162,56.53924437,56.77798817,57.22555324,57.12944434,57.57447679,57.2796031
3302.017,56.81198975,56.5431501,56.78844803,57.23345979,57.13207531,57.57580251,57.28619804
3301.535,56.81722257,56.54835816,56.79890981,57.24004941,57.13339084,57.57712826,57.29411296
3301.053,56.8250727,56.5548689,56.80937352,57.2466398,57.13733761,57.58110568,57.30334843
3300.571,56.83554123,56.56268279,56.81853085,57.25323094,57.1426004,57.58773533,57.31258538
3300.089,56.8486296,56.57310298,56.82638116,57.26114131,57.14786367,57.59701813,57.32182382
3299.607,56.86303029,56.58482799,56.83423256,57.26773412,57.15575948,57.60895535,57.33106375
3299.124,56.8787443,56.59655543,56.84208504,57.2756465,57.16497264,57.62354864,57.33898488
3298.642,56.89315262,56.60698186,56.8486296,57.28224098,57.17550379,57.63814563,57.34558665
3298.16,56.90756459,56.61610656,56.85517492,57.29015536,57.18603688,57.65407384,57.35218919
3297.678,56.91935892,56.6239289,56.86041171,57.29807084,57.19393797,57.66735071,57.35747176
3297.196,56.92984482,56.62784048,56.86564899,57.3046679,57.20184015,57.67797441,57.36275483
3296.714,56.93902157,56.63044835,56.87088675,57.31390507,57.20842613,57.68727175,57.36803837
3296.232,56.94819979,56.63305634,56.8787443,57.32314372,57.21501287,57.69391362,57.37464349
3295.75,56.958691,56.63957684,56.88922272,57.33634438,57.22291797,57.70188488,57.38389194
3295.267,56.97049593,56.64870679,56.90363369,57.35218919,57.23345979,57.70852844,57.39578499
3294.785,56.98492749,56.66175214,56.91935892,57.37068033,57.24532166,57.71650172,57.41032428
3294.303,56.99805027,56.67871559,56.93639949,57.38917743,57.25982284,57.7244761,57.42486726
3293.821,57.00986335,56.69568411,56.95213377,57.40503684,57.2743277,57.73245158,57.43941393
3293.339,57.01774009,56.71004606,56.96262571,57.41957848,57.28619804,57.73776918,57.44999563
3292.857,57.02299186,56.72179945,56.96918415,57.42751184,57.29675152,57.7417577,57.45661019
3292.375,57.02299186,56.72833016,56.97049593,57.43280135,57.30334843,57.74441687,57.45793319
3291.893,57.02299186,56.73094266,56.97049593,57.4341238,57.3099461,57.74707616,57.45793319
3291.411,57.02036592,56.73094266,56.96918415,57.4341238,57.31390507,57.75106532,57.45661019
3290.928,57.01905299,56.73094266,56.96918415,57.43544629,57.31918412,57.75505476,57.45528722
3290.446,57.01774009,56.73094266,56.97049593,57.43544629,57.32446365,57.76037445,57.45661019
3289.964,57.01774009,56.73224895,56.97311958,57.4367688,57.32842362,57.76569462,57.45793319
3289.482,57.01774009,56.73355528,56.97574335,57.4367688,57.33106375,57.76968507,57.45925622
3289,57.01774009,56.73616801,56.97705528,57.43544629,57.33238387,57.7736758,57.46057929
3288.518,57.01774009,56.73878087,56.97705528,57.4341238,57.33238387,57.7750061,57.46190238
3288.036,57.01905299,56.74139385,56.97705528,57.4341238,57.33238387,57.7750061,57.46190238
3287.554,57.02299186,56.74662016,56.97836724,57.4367688,57.33370401,57.7776668,57.4632255
3287.072,57.02824412,56.75315374,56.98099125,57.44205917,57.33898488,57.78032762,57.46587185
3286.589,57.03743673,56.762302,56.98623963,57.45131848,57.3469071,57.78564963,57.47116489
3286.107,57.04794438,56.77406622,56.99542547,57.4632255,57.35747176,57.79097213,57.47778188
3285.625,57.0597678,56.78714044,57.00461279,57.475135,57.36935934,57.79629512,57.48572328
3285.143,57.07027957,56.79890981,57.01380159,57.48704696,57.38124937,57.80028768,57.49366578
3284.661,57.07947895,56.80937352,57.02167888,57.49631352,57.39049888,57.80294955,57.50028536
3284.179,57.08605085,56.81853085,57.02824412,57.50160937,57.39710659,57.80561153,57.50690571
3283.697,57.0926235,56.82638116,57.03612341,57.50558158,57.4023933,57.80827364,57.51352682
3283.215,57.09788217,56.83423256,57.04269031,57.50955406,57.40635866,57.81359822,57.51882425
3282.732,57.10445618,56.84208504,57.04925797,57.51220253,57.41164622,57.82025464,57.52279765
3282.25,57.11103095,56.85124764,57.05845397,57.51485113,57.41693427,57.82824336,57.52677132
3281.768,57.11760648,56.86041171,57.06633743,57.51882425,57.42486726,57.83756492,57.53074526
3281.286,57.12418277,56.87088675,57.07553617,57.52412217,57.43280135,57.84688799,57.53471949
3280.804,57.13075981,56.88136372,57.08473641,57.52942059,57.44205917,57.85488038,57.53869398
3280.322,57.13733761,56.89053265,57.0926235,57.53604429,57.45264136,57.86287388,57.54399373
3279.84,57.14523197,56.89839292,57.10051168,57.54399373,57.4632255,57.87086849,57.55061911
3279.358,57.15312742,56.90363369,57.10840095,57.55326948,57.475135,57.87886419,57.55989592
3278.876,57.16234016,56.90887495,57.11760648,57.56387216,57.48439964,57.88686101,57.57182545
3278.393,57.17023798,56.91149576,57.12681349,57.57447679,57.49366578,57.89485892,57.58375745
3277.911,57.17813688,56.91411669,57.13602199,57.58508338,57.50160937,57.9015247,57.59569192
3277.429,57.18472014,56.91542721,57.14391617,57.59436575,57.50690571,57.90952464,57.60762887
3276.947,57.18998729,56.91673775,57.15181144,57.60364961,57.51087828,57.91619211,57.61691487
3276.465,57.19393797,56.92066955,57.15839166,57.6116084,57.51485113,57.92152663,57.62487549
3275.983,57.19920597,56.92591238,57.16497264,57.61824156,57.52014869,57.92819548,57.63283721
3275.501,57.20447445,56.9324666,57.17155438,57.62487549,57.52677132,57.93619911,57.63947282
3275.019,57.20974342,56.94164376,57.17945347,57.63151018,57.53339471,57.94420384,57.64610919
3274.536,57.21764778,56.95213377,57.18735365,57.63947282,57.5413438,57.95220968,57.65274632
3274.054,57.22555324,56.96262571,57.19525492,57.64876395,57.54929398,57.96288586,57.65938422
3273.572,57.23345979,56.97311958,57.20579165,57.65938422,57.55857057,57.973564,57.66735071
3273.09,57.24400355,56.98361538,57.21896528,57.67266232,57.56784867,57.98557926,57.67664634
3272.608,57.25718599,56.99542547,57.23477765,57.68860006,57.57845403,58.00026796,57.68727175
3272.126,57.27300892,57.00986335,57.25323094,57.70587093,57.59171349,58.01629624,57.70055626
3271.644,57.29147453,57.02561793,57.2743277,57.72580527,57.60762887,58.0350015,57.71517276
3271.162,57.31390507,57.04400378,57.29807084,57.74441687,57.62620236,58.05371279,57.73245158
3270.68,57.33766462,57.06239556,57.31918412,57.76303447,57.64743655,58.07109296,57.74840585
3270.197,57.36011323,57.08079327,57.33898488,57.77899719,57.66867857,58.08580332,57.76436453
3269.715,57.37992814,57.09788217,57.35350979,57.79363356,57.68860006,58.09784185,57.77899719
3269.233,57.39842822,57.11366107,57.36407567,57.80561153,57.70587093,58.10854485,57.79363356
3268.751,57.41296819,57.12681349,57.37200135,57.8162607,57.71915972,58.1165734,57.80694257
3268.269,57.42486726,57.13996894,57.37596461,57.82691183,57.73112226,58.1232647,57.82025464
3267.787,57.43544629,57.15181144,57.37992814,57.8388967,57.74042817,58.13129528,57.83356978
3267.305,57.44602726,57.16497264,57.38389194,57.85088405,57.74840585,58.14066569,57.849552
3266.823,57.45528722,57.17813688,57.38917743,57.86287388,57.75771454,58.15137659,57.86553863
3266.34,57.46454866,57.19262104,57.39710659,57.87619883,57.76702474,58.1634287,57.88019692
3265.858,57.4738116,57.20579165,57.40635866,57.88686101,57.7776668,58.17414378,57.89352586
3265.376,57.48439964,57.21896528,57.41693427,57.89619202,57.79097213,58.18486085,57.90552453
3264.894,57.49366578,57.23214195,57.43015653,57.90419123,57.80428052,58.19557988,57.91619211
3264.412,57.50425748,57.24532166,57.44338184,57.91219154,57.81759198,58.20630089,57.92286034
3263.93,57.51352682,57.25718599,57.45793319,57.92019296,57.83090651,58.21568339,57.92952934
3263.448,57.52544673,57.26905278,57.4738116,57.92819548,57.8442241,58.22640811,57.93619911
3262.966,57.53604429,57.2796031,57.48837066,57.93753315,57.85354824,58.23579385,57.94153547
3262.484,57.54664379,57.29015536,57.50293341,57.94687233,57.86154156,58.24518111,57.94820662
3262.001,57.55857057,57.29939019,57.51617547,57.95754752,57.86820349,58.25591125,57.95621302
3261.519,57.57049982,57.3086265,57.52677132,57.96955947,57.8735336,58.26664338,57.96555521
3261.037,57.58243155,57.31918412,57.53869398,57.9815739,57.88019692,58.27871938,57.97756881
3260.555,57.59701813,57.33106375,57.55061911,57.99626158,57.88952686,58.2921401,57.99092017
3260.073,57.61426157,57.34558665,57.56519763,58.01095299,57.90285795,58.30824904,58.00694587
3259.591,57.63151018,57.36143402,57.57977984,58.02832036,57.91885931,58.32704843,58.02431204
3259.109,57.65141883,57.37992814,57.59701813,58.04569293,57.94020134,58.34719735,58.04301989
3258.627,57.67000645,57.40107158,57.61426157,58.0630707,57.96155123,58.3660093,58.06173376
3258.145,57.68992841,57.42090063,57.63151018,58.08045367,57.98557926,58.38482731,58.07911633
3257.662,57.70852844,57.44205917,57.64876395,58.09650411,58.00828155,58.40096186,58.09650411
3257.18,57.72713447,57.46190238,57.66469509,58.11389709,58.03099272,58.41575579,58.11255898
3256.698,57.74441687,57.48175245,57.68063064,58.12995677,58.05237607,58.42920806,58.12727985
3256.216,57.76303447,57.50028536,57.69391362,58.14735977,58.07243011,58.43997211,58.14200445
3255.734,57.77899719,57.51617547,57.70454221,58.1634287,58.08981589,58.44939228,58.15405462
3255.252,57.79363356,57.52809594,57.71384384,58.17816245,58.1031931,58.4561219,58.16476798
3254.77,57.80561153,57.53869398,57.72048877,58.19156001,58.11255898,58.46150616,58.17280429
3254.288,57.81492945,57.54531875,57.72580527,58.20228028,58.1179116,58.46419847,58.17816245
3253.805,57.82025464,57.55061911,57.72979296,58.21032178,58.12058809,58.46554468,58.1821814
3253.323,57.82558033,57.55591996,57.73378094,58.21836439,58.12192638,58.46958347,58.18754042
3252.841,57.83223813,57.56387216,57.7417577,58.22506741,58.12460305,58.47631542,58.1969199
3252.359,57.8388967,57.57315111,57.75239511,58.23445294,58.13129528,58.48708815,58.20898145
3251.877,57.84821998,57.58508338,57.76569462,58.24518111,58.14200445,58.50055685,58.22640811
3251.395,57.86020926,57.59967063,57.78165808,58.25725266,58.15539368,58.51672338,58.24518111
3250.913,57.87220103,57.61426157,57.7989568,58.26932672,58.17280429,58.53289438,58.26530176
3250.431,57.88286246,57.62885621,57.8162607,58.28274527,58.19022012,58.54772173,58.2840873
3249.949,57.89352586,57.64080003,57.83090651,58.29616691,58.20898145,58.56120439,58.30019401
3249.466,57.90552453,57.65407384,57.84555603,58.30959165,58.22640811,58.57334144,58.31361967
3248.984,57.92019296,57.66735071,57.86020926,58.32570541,58.24518111,58.58548101,58.32570541
3248.502,57.93753315,57.68328699,57.8775315,58.34316701,58.26530176,58.60032168,58.33913695
3248.02,57.95754752,57.70321353,57.89619202,58.36466539,58.28677144,58.61786549,58.35525887
3247.538,57.98290899,57.7244761,57.91885931,58.38751609,58.30824904,58.63946509,58.37407342
3247.056,58.00694587,57.7457465,57.94153547,58.41037575,58.32973455,58.65972194,58.39289403
3246.574,58.02832036,57.76569462,57.96422052,58.43055346,58.34854086,58.67998579,58.41172071
3246.092,58.04569293,57.78298856,57.98290899,58.44670065,58.36332151,58.69485039,58.42517205
3245.609,58.05638632,57.79363356,57.99626158,58.45746792,58.37272932,58.70566338,58.43458984
3245.127,58.06039686,57.80028768,58.00427462,58.4628523,58.3781059,58.70971877,58.4386265
3244.645,58.05905998,57.80428052,58.00961725,58.46419847,58.38079437,58.71107062,58.4386265
3244.163,58.05772314,57.80694257,58.01228876,58.46689091,58.38348297,58.71107062,58.4386265
3243.681,58.05638632,57.81226703,58.01629624,58.4709298,58.38751609,58.71377443,58.44131776
3243.199,58.05905998,57.82025464,58.02431204,58.47900841,58.39558318,58.72053449,58.44939228
3242.717,58.06574466,57.83223813,58.0350015,58.49247525,58.40768591,58.73135221,58.46016005
3242.235,58.07644175,57.849552,58.04970272,58.50998678,58.42248154,58.74622983,58.47631542
3241.753,58.08981589,57.86820349,58.06708169,58.52885121,58.43997211,58.76381732,58.49516899
3241.27,58.10586891,57.88819392,58.08446586,58.55041801,58.45881397,58.78276359,58.515376
3240.788,58.12192638,57.90819124,58.10185524,58.56929548,58.4776619,58.80171597,58.53289438
3240.306,58.13932697,57.92686165,58.1179116,58.58683001,58.49516899,58.81796573,58.55041801
3239.824,58.1580719,57.94420384,58.13263382,58.60167101,58.51133404,58.83286529,58.5652498
3239.342,58.17816245,57.96021663,58.14735977,58.6151661,58.52615592,58.84776862,58.58008534
3238.86,58.1969199,57.9748989,58.16208945,58.62731434,58.53963362,58.86132038,58.59357545
3238.378,58.21702387,57.99092017,58.17682286,58.64081533,58.55311442,58.87351963,58.60841817
3237.896,58.23713479,58.00694587,58.19156001,58.65296888,58.5652498,58.88707732,58.62461451
3237.413,58.25725266,58.02431204,58.20764115,58.66782664,58.5787365,58.90063814,58.6421656
3236.931,58.27603561,58.04168341,58.22372674,58.68268817,58.5922263,58.91420207,58.65972194
3236.449,58.29482461,58.06039686,58.23847577,58.69890503,58.60706867,58.92776913,58.67863465
3235.967,58.31361967,58.08045367,58.25456988,58.71512638,58.62191481,58.94405372,58.69755345
3235.485,58.33242079,58.09917961,58.26932672,58.73270456,58.63946509,58.95898522,58.71783037
3235.003,58.35122797,58.1179116,58.28542935,58.74893525,58.65837127,58.97527844,58.7381143
3234.521,58.37004122,58.13531099,58.30153644,58.76652356,58.67728354,58.99293451,58.7597582
3234.039,58.38886053,58.15137659,58.31764797,58.78276359,58.69620191,59.01195465,58.77870317
3233.557,58.40634104,58.16610729,58.33376396,58.80036203,58.71512638,59.0296217,58.79765423
3233.074,58.42382678,58.17816245,58.3498844,58.81661141,58.73135221,59.04729404,58.81525713
3232.592,58.4386265,58.19022012,58.36197766,58.83286529,58.74758252,59.06225169,58.8288014
3232.11,58.45208404,58.19960003,58.37138526,58.84641362,58.76246425,59.07449259,58.83963906
3231.628,58.4628523,58.20764115,58.37945012,58.85725453,58.77464302,59.08537551,58.84776862
3231.146,58.47227616,58.21568339,58.38482731,58.86674196,58.7854707,59.09489972,58.85454411
3230.664,58.48035496,58.22372674,58.390205,58.87487526,58.79630038,59.10170366,58.85996507
3230.182,58.48843488,58.2317712,58.39692781,58.88165387,58.80577799,59.10850839,58.86674196
3229.7,58.49382211,58.24249888,58.4049962,58.88978924,58.81661141,59.11667509,58.87351963
3229.218,58.50055685,58.25188722,58.41575579,58.89792572,58.8260923,59.12348154,58.88300969
3228.735,58.5059452,58.2626186,58.42786269,58.90877612,58.83557471,59.13301189,58.89114524
3228.253,58.51133404,58.27469377,58.4386265,58.92098521,58.8437037,59.14118198,58.90063814
3227.771,58.51807079,58.28542935,58.45073814,58.93319683,58.85318895,59.15071518,58.90741971
3227.289,58.52346076,58.29750925,58.46150616,58.94676826,58.86267573,59.15752555,58.91555864
3226.807,58.53154663,58.30959165,58.4709298,58.96034282,58.87216404,59.16569903,58.92234193
3226.325,58.53963362,58.32167655,58.48170153,58.9739205,58.88165387,59.17251113,58.92912601
3225.843,58.55041801,58.33645039,58.49516899,58.98750131,58.89250127,59.18068668,58.93862502
3225.361,58.5639013,58.35257158,58.51133404,59.00108525,58.90470699,59.19022625,58.9508403
3224.878,58.5787365,58.37004122,58.53019891,59.01467231,58.91691523,59.20113049,58.96577351
3224.396,58.59492463,58.38751609,58.55041801,59.0296217,58.93048291,59.21340017,58.98206861
3223.914,58.61246683,58.40634104,58.57199276,59.04457487,58.94541097,59.2283999,59.00244381
3223.432,58.62866429,58.42248154,58.59357545,59.06089175,58.95898522,59.24613175,59.02282606
3222.95,58.6462166,58.4386265,58.61381645,59.07857345,58.97527844,59.26523352,59.04321534
3222.468,58.66377415,58.45342996,58.63271436,59.0976212,58.99021785,59.28707167,59.06361167
3221.986,58.67863465,58.46689091,58.64891742,59.1153139,59.0065197,59.30891785,59.08265459
3221.504,58.69349891,58.48170153,58.66377415,59.1343735,59.02282606,59.32940597,59.0976212
3221.022,58.70566338,58.49382211,58.67593246,59.1520772,59.03777751,59.34716806,59.1112305
3220.539,58.71647836,58.50729236,58.68674196,59.16569903,59.05001333,59.36083482,59.12212019
3220.057,58.7259431,58.51807079,58.69349891,59.17796137,59.06089175,59.36903639,59.12892727
3219.575,58.73405695,58.52885121,58.70025664,59.18886336,59.06905188,59.37450473,59.1343735
3219.093,58.74217192,58.53828571,58.70701515,59.19704116,59.07449259,59.37860632,59.13845849
3218.611,58.75299363,58.54906985,58.71512638,59.20658337,59.08265459,59.38270819,59.1439056
3218.129,58.76652356,58.55985598,58.7259431,59.21749063,59.09217836,59.38954527,59.15071518
3217.647,58.78276359,58.57469016,58.73946681,59.23112753,59.1057864,59.40048623,59.16297441
3217.165,58.80171597,58.59087718,58.75840523,59.24749596,59.12212019,59.41553335,59.17796137
3216.682,58.82338332,58.60976769,58.78005661,59.26386891,59.14254378,59.43468975,59.19567812
3216.2,58.8437037,58.62866429,58.80306995,59.28161138,59.16433671,59.45522131,59.21612711
3215.718,58.86267573,58.64756699,58.82473779,59.29799375,59.18613767,59.47712946,59.23658317
3215.236,58.87758661,58.66377415,58.8437037,59.31028351,59.2052201,59.49493577,59.25568187
3214.754,58.88978924,58.67728354,58.85860978,59.31984397,59.22158137,59.51000682,59.27069231
3214.272,58.89928191,58.68809329,58.86945294,59.32667381,59.23385529,59.52096997,59.28434146
3213.79,58.90606333,58.69620191,58.87758661,59.33213825,59.24340343,59.52919367,59.29526304
3213.308,58.91284554,58.70566338,58.88300969,59.33896951,59.2529531,59.5374185,59.30482108
3212.826,58.92098521,58.71377443,58.88978924,59.34716806,59.26250432,59.54564446,59.31438066
3212.343,58.93183985,58.72323873,58.89792572,59.35810121,59.27342188,59.55524286,59.32530778
3211.861,58.94405372,58.73540937,58.91013256,59.3717705,59.28570655,59.56758593,59.33623691
3211.379,58.95898522,58.74758252,58.92369868,59.38681034,59.29799375,59.57993156,59.34853459
3210.897,58.9739205,58.76111121,58.93862502,59.40322179,59.31028351,59.59227975,59.359468
3210.415,58.98885956,58.7732897,58.95355515,59.41963778,59.31984397,59.60463049,59.37040343
3209.933,59.00380241,58.78411713,58.96577351,59.43468975,59.32667381,59.6142384,59.37997358
3209.451,59.01603119,58.79494656,58.97663641,59.44837667,59.33350444,59.62247498,59.38817779
3208.969,59.02826251,58.80442395,58.98342674,59.46069759,59.33760319,59.62933967,59.39638314
3208.486,59.04049636,58.81525713,58.98885956,59.47165166,59.34443508,59.63757833,59.40458962
3208.004,59.05273275,58.82744683,58.9956513,59.48397741,59.35400104,59.64719155,59.41690146
3207.522,59.06769178,58.84099391,59.00244381,59.49767568,59.36630241,59.65817998,59.43195274
3207.04,59.08401504,58.8558993,59.01195465,59.5113771,59.38407554,59.67191836,59.44974553
3206.558,59.10034281,58.87216404,59.02418512,59.52782297,59.40322179,59.68703424,59.47028229
3206.076,59.11803632,58.88978924,59.04049636,59.54290235,59.42511078,59.70352866,59.49082615
3205.594,59.13301189,58.90606333,59.05681211,59.55935693,59.44427026,59.72002763,59.51000682
3205.112,59.14526745,58.92098521,59.07449259,59.5744443,59.46343592,59.73378026,59.52782297
3204.63,59.15752555,58.93591086,59.09353902,59.5881634,59.47986854,59.74753605,59.54427339
3204.147,59.16842378,58.9508403,59.1125916,59.60325806,59.49356586,59.75991898,59.55935693
3203.665,59.18068668,58.96577351,59.13165032,59.61561108,59.50589615,59.77368079,59.5744443
3203.183,59.19295212,58.98206861,59.1520772,59.62933967,59.51822899,59.78744578,59.58953548
3202.701,59.20794667,59.00108525,59.17114865,59.64307141,59.53056439,59.80259092,59.60737545
3202.219,59.22430869,59.02010802,59.19022625,59.65680632,59.54427339,59.8177399,59.62384785
3201.737,59.24203931,59.04049636,59.20931,59.67054438,59.55798554,59.83427043,59.64169809
3201.255,59.25841075,59.05953184,59.22567239,59.68428562,59.57307256,59.84942744,59.65817998
3200.773,59.27478672,59.07585284,59.24203931,59.69803001,59.5881634,59.86320987,59.67329238
3200.291,59.289802,59.08945713,59.25704629,59.71177758,59.60325806,59.87561676,59.6884086
3199.808,59.30209006,59.10034281,59.27069231,59.7255283,59.6169838,59.88664728,59.69940463
3199.326,59.31301491,59.10986943,59.2829764,59.73653117,59.62796666,59.89630064,59.71040268
3198.844,59.32394178,59.11667509,59.29526304,59.74753605,59.63620514,59.90457619,59.72002763
3198.362,59.33350444,59.12212019,59.30618664,59.75441514,59.64307141,59.91285289,59.72690355
3197.88,59.34170223,59.12620434,59.31438066,59.76129502,59.64719155,59.91837132,59.73240485
3197.398,59.34853459,59.13165032,59.32120987,59.76679949,59.65131197,59.92389026,59.73653117
3196.916,59.35673446,59.1370968,59.32667381,59.77092818,59.65543268,59.92940971,59.74065776
3196.434,59.36356855,59.1439056,59.33350444,59.77780996,59.66230116,59.93630973,59.74478464
3195.951,59.3731376,59.15480131,59.34033585,59.78606914,59.67191836,59.9459711,59.75166341
3195.469,59.38407554,59.16842378,59.34990116,59.79846005,59.68565991,59.95701458,59.75991898
3194.987,59.39638314,59.18477488,59.36220167,59.81223073,59.70215395,59.97220267,59.77092818
3194.505,59.41006123,59.20249366,59.37587189,59.82738216,59.72002763,59.9901572,59.7819394
3194.023,59.42374248,59.22021776,59.39228032,59.84115951,59.73790667,60.00673539,59.79432946
3193.541,59.43742688,59.23794716,59.40732536,59.85494003,59.75441514,60.02331815,59.80672208
3193.059,59.44974553,59.25431747,59.42237421,59.86734521,59.76955192,60.03852304,59.8177399
3192.577,59.46206674,59.26796285,59.43742688,59.8783742,59.7819394,60.05096628,59.82875975
3192.095,59.4743905,59.28161138,59.45111443,59.88940522,59.79432946,60.06202909,59.83978163
3191.612,59.48808656,59.29526304,59.46480513,59.90181755,59.80672208,60.0744772,59.85218367
3191.13,59.50315587,59.30891785,59.47849898,59.91699166,59.82049467,60.08554434,59.86734521
3190.648,59.51959947,59.32394178,59.49356586,59.93492966,59.83564819,60.100765,59.88388946
3190.166,59.53604761,59.33760319,59.50863656,59.95425352,59.85356183,60.11598951,59.90181755
3189.684,59.55524286,59.35126775,59.52234051,59.9735836,59.87010227,60.13260247,59.91975101
3189.202,59.57307256,59.36493546,59.53604761,59.99291992,59.88802623,60.15060502,59.93768983
3188.72,59.5909076,59.37723909,59.54838671,60.01226247,59.90457619,60.16861296,59.95425352
3188.238,59.60737545,59.38954527,59.56072835,60.02884676,59.92251048,60.18662629,59.97082178
3187.755,59.62247498,59.401854,59.57307256,60.04543563,59.93768983,60.20325877,59.98601337
3187.273,59.63620514,59.41416528,59.58679135,60.0578803,59.95287303,60.21712268,59.99982725
3186.791,59.64856499,59.42647911,59.59914096,60.07032754,59.96529852,60.23098978,60.01364431
3186.309,59.6609274,59.44016414,59.61286575,60.08001051,59.97634555,60.24208576,60.02746456
3185.827,59.67054438,59.45248336,59.62522076,60.08692788,59.98463216,60.25179642,60.03852304
3185.345,59.68016291,59.46480513,59.63757833,60.09384604,59.99153854,60.25873356,60.04820089
3184.863,59.689783,59.47575996,59.64856499,60.100765,59.99706422,60.2656715,60.0578803
3184.381,59.69940463,59.48808656,59.65955368,60.10768475,60.00259041,60.27399809,60.06617817
3183.899,59.71040268,59.49904568,59.67054438,60.11737375,60.01088065,60.28510199,60.07586048
3183.416,59.72415309,59.51274742,59.68291135,60.12983332,60.02055404,60.29759633,60.08554434
3182.934,59.73790667,59.52645231,59.69665543,60.14368032,60.03299355,60.3128707,60.09799732
3182.452,59.75303926,59.54153134,59.71177758,60.16030093,60.04820089,60.32953807,60.11183699
3181.97,59.76955192,59.55798554,59.7255283,60.17831177,60.06479511,60.34759958,60.12706431
3181.488,59.78469253,59.5744443,59.74065776,60.19494195,60.08277736,60.36566649,60.14229548
3181.006,59.80121393,59.5909076,59.75441514,60.21296317,60.10214889,60.38373882,60.15891571
3180.524,59.81636256,59.60737545,59.76955192,60.22960292,60.12152665,60.40042577,60.17554052
3180.042,59.83151503,59.62522076,59.78331595,60.24624728,60.14229548,60.41433508,60.19078398
3179.559,59.84667133,59.64169809,59.79708315,60.26150864,60.16168619,60.42546484,60.20603129
3179.077,59.85769651,59.65680632,59.80947634,60.27399809,60.17969745,60.4338135,60.21989584
3178.595,59.86734521,59.67054438,59.8218721,60.28510199,60.19494195,60.43937992,60.22960292
3178.113,59.87285945,59.68153712,59.83013737,60.29481959,60.20464501,60.4407716,60.23792453
3177.631,59.87699547,59.69115742,59.83702597,60.30176168,60.21157673,60.43937992,60.24208576
3177.149,59.88113177,59.69803001,59.84391536,60.30870458,60.21573614,60.43937992,60.24624728
3176.667,59.88802623,59.7049034,59.85218367,60.31842598,60.22128247,60.44216332,60.25040908
3176.185,59.89905903,59.71452747,59.86183148,60.33092722,60.2282161,60.4477305,60.25873356
3175.703,59.91699166,59.72827883,59.87561676,60.34759958,60.24069865,60.46025854,60.27122243
3175.22,59.93906996,59.74478464,59.89354238,60.3684465,60.25595861,60.47696664,60.28649012
3174.738,59.96253708,59.76267109,59.91285289,60.39208172,60.27399809,60.49646525,60.30731594
3174.256,59.98739462,59.78331595,59.93216962,60.41433508,60.29343126,60.5173636,60.32814894
3173.774,60.00811711,59.80121393,59.95149258,60.4338135,60.31148196,60.53687524,60.34898915
3173.292,60.02331815,59.81911727,59.96667928,60.44912238,60.32814894,60.55360451,60.36983655
3172.81,60.03575823,59.83564819,59.98048871,60.46025854,60.34204161,60.56615449,60.38651966
3172.328,60.04405305,59.84942744,59.99430132,60.46861201,60.35454775,60.57591739,60.40320737
3171.846,60.05096628,59.86458828,60.00673539,60.47557412,60.36705648,60.58428684,60.41711733
3171.364,60.0578803,59.87975297,60.01917203,60.48253703,60.37817753,60.59265744,60.42963902
3170.881,60.06617817,59.89492149,60.03299355,60.49228645,60.38791012,60.60242461,60.4407716
3170.399,60.0744772,59.91147336,60.04681825,60.50482372,60.39903501,60.61219336,60.45051429
3169.917,60.08554434,59.92940971,60.06064613,60.5173636,60.40877097,60.62475549,60.46025854
3169.435,60.09799732,59.9459711,60.07309395,60.53129984,60.4198997,60.63592401,60.47000437
3168.953,60.11045288,59.96253708,60.08554434,60.54523929,60.42963902,60.64849105,60.47975177
3168.471,60.12706431,59.97772657,60.09799732,60.55918196,60.4407716,60.6610607,60.49089358
3167.989,60.14368032,59.99291992,60.11045288,60.5717331,60.4546902,60.67503004,60.50343057
3167.507,60.16168619,60.00811711,60.12429542,60.58428684,60.47000437,60.68900259,60.5173636
3167.024,60.18108315,60.02193608,60.13675642,60.59684318,60.48532242,60.70297836,60.53129984
3166.542,60.19910022,60.03437587,60.14922002,60.60940213,60.50203744,60.71695734,60.54663342
3166.06,60.21712268,60.04681825,60.16168619,60.62056782,60.5173636,60.73093955,60.56197087
3165.578,60.23237666,60.0578803,60.1727694,60.63313168,60.53129984,60.74632369,60.57731222
3165.096,60.24763451,60.07032754,60.18524046,60.64569815,60.54523929,60.76171174,60.59126226
3164.614,60.26150864,60.08277736,60.1977141,60.65826722,60.55918196,60.77710368,60.60521552
3164.132,60.27538596,60.09661353,60.21434964,60.6708389,60.57312783,60.79389933,60.619172
3163.65,60.28926648,60.11183699,60.23376358,60.68481048,60.58707691,60.81069963,60.63313168
3163.168,60.3031502,60.12567984,60.25595861,60.69878529,60.60382005,60.82750457,60.64709459
3162.685,60.31842598,60.13814114,60.28093779,60.71276331,60.62196368,60.84291317,60.6610607
3162.203,60.33231641,60.14922002,60.30453875,60.72674455,60.64150904,60.85972701,60.67503004
3161.721,60.34759958,60.15753051,60.32814894,60.74072901,60.66245749,60.87514378,60.68760519
3161.239,60.36288661,60.16584216,60.34759958,60.75611563,60.68341318,60.89056446,60.70018294
3160.757,60.37817753,60.17415495,60.36427654,60.77290549,60.70437611,60.90458664,60.71276331
3160.275,60.39486294,60.18385466,60.37678728,60.78969998,60.72394804,60.92001478,60.72534628
3159.793,60.41155296,60.1977141,60.38651966,60.80649912,60.74212763,60.93404374,60.73933042
3159.311,60.4282476,60.21296317,60.39486294,60.82470342,60.75611563,60.94667258,60.75471669
3158.828,60.44494684,60.22960292,60.40181655,60.84291317,60.76730835,60.95649681,60.76870759
3158.346,60.46025854,60.24902178,60.40877097,60.85972701,60.77570425,60.96491884,60.78270171
3157.864,60.47418164,60.2684469,60.4198997,60.87934903,60.7841013,60.97474602,60.79529918
3157.382,60.48950074,60.28926648,60.4338135,60.89757515,60.79109973,60.98457478,60.80929943
3156.9,60.50482372,60.31009325,60.45190623,60.91861206,60.8022989,60.99721408,60.82470342
3156.418,60.52154414,60.33092722,60.47278918,60.93965623,60.81630076,61.01407057,60.84011132
3155.936,60.53966313,60.35315805,60.49785825,60.96070768,60.83450799,61.03374235,60.85832568
3155.454,60.55778754,60.37539707,60.52433132,60.98317057,60.85552312,61.05623215,60.8765455
3154.972,60.57452259,60.3962536,60.54942175,61.00283239,60.8765455,61.07873024,60.89477077
3154.489,60.58986711,60.41572619,60.5703384,61.02250055,60.89617294,61.09982973,60.9130015
3154.007,60.60382005,60.4338135,60.588472,61.03936402,60.91440409,61.11952917,60.92983471
3153.525,60.61498472,60.45051429,60.60382005,61.05342047,60.92843177,61.13641945,60.94526924
3153.043,60.62615144,60.46443513,60.61498472,61.06748016,60.94105944,61.1533144,60.96211137
3152.561,60.63732022,60.47975177,60.62615144,61.08013665,60.95368972,61.16739709,60.97755407
3152.079,60.64988755,60.49367935,60.63452783,61.09138906,60.96491884,61.18148303,60.99300069
3151.597,60.66385431,60.50900339,60.64290538,61.10264355,60.97615003,61.19416314,61.00845122
3151.115,60.67922146,60.52293771,60.65128408,61.11390011,60.99019192,61.20543656,61.02390566
3150.632,60.69459251,60.53687524,60.6610607,61.12656622,61.00283239,61.21530251,61.03936402
3150.15,60.70996745,60.54942175,60.6708389,61.13923495,61.01688043,61.2237603,61.05342047
3149.668,60.72534628,60.56197087,60.68201591,61.15472252,61.03233701,61.2336292,61.06888631
3149.186,60.74072901,60.57452259,60.69599007,61.17303108,61.05060893,61.24490989,61.08435606
3148.704,60.75471669,60.588472,60.71276331,61.19275411,61.06888631,61.25901368,61.10264355
3148.222,60.77010686,60.60382005,60.73093955,61.21530251,61.08857577,61.27312071,61.12234389
3147.74,60.7841013,60.62056782,60.75191889,61.23785922,61.10967866,61.29005344,61.14205058
3147.258,60.79809897,60.63732022,60.77290549,61.25760315,61.12938126,61.30699084,61.16035534
3146.776,60.81350013,60.65687053,60.79249952,61.27594251,61.15049825,61.32252091,61.17584827
3146.293,60.82890519,60.67503004,60.81209986,61.29005344,61.16880554,61.33664257,61.18993615
3145.811,60.84571516,60.69319498,60.83170653,61.30134452,61.18570944,61.35218015,61.20261801
3145.329,60.8639312,60.71276331,60.85131951,61.31263769,61.20261801,61.36630864,61.21530251
3144.847,60.88495649,60.72954118,60.86953723,61.32110893,61.21671206,61.38185373,61.22798963
3144.365,60.90598904,60.74632369,60.88916242,61.33240573,61.23080935,61.39740277,61.24067939
3143.883,60.92702886,60.76171174,60.90739147,61.34229214,61.24208952,61.41295574,61.25619266
3143.401,60.94526924,60.77570425,60.92282031,61.35359285,61.25055101,61.42709822,61.27029904
3142.919,60.96070768,60.78830026,60.93684992,61.36630864,61.25901368,61.43982924,61.28581982
3142.437,60.97334204,60.80089889,60.94947934,61.37761377,61.26747751,61.45114792,61.29993302
3141.954,60.98457478,60.81350013,60.96070768,61.39174812,61.27735345,61.46388392,61.31404948
3141.472,60.99580959,60.82750457,60.97334204,61.40729966,61.2886422,61.47662257,61.32816919
3140.99,61.00985601,60.84431415,60.98738329,61.42709822,61.30557921,61.49077971,61.34511713
3140.508,61.02531081,60.8639312,61.00564174,61.44973297,61.32393293,61.50918888,61.36348268
3140.026,61.04358062,60.88355458,61.02671598,61.47520703,61.34652967,61.52902029,61.38326712
3139.544,61.06326192,60.90598904,61.04779751,61.50069165,61.36772167,61.5488581,61.40305794
3139.062,61.08435606,60.92562597,61.07029249,61.52477016,61.38750747,61.56870231,61.42285513
3138.58,61.10264355,60.94246267,61.08857577,61.5474409,61.40447181,61.58571672,61.43982924
3138.097,61.11952917,60.9579004,61.1054575,61.56586703,61.41719814,61.60131739,61.45397791
3137.615,61.13501175,60.97053418,61.11812185,61.58146268,61.42709822,61.61692202,61.4667145
3137.133,61.15049825,60.98317057,61.12938126,61.59422569,61.43558528,61.63111147,61.47662257
3136.651,61.16317195,60.99440512,61.13923495,61.60557281,61.4440735,61.6453042,61.48653223
3136.169,61.17725691,61.00423705,61.14768223,61.61550325,61.4525629,61.66091996,61.49502749
3135.687,61.18852721,61.01547548,61.15753887,61.62401634,61.46105347,61.67369945,61.50494012
3135.205,61.20120879,61.02671598,61.16598868,61.6325306,61.47096062,61.68648157,61.51343793
3134.723,61.21107405,61.03795856,61.17303108,61.63962672,61.47945374,61.69642506,61.52193691
3134.241,61.21953126,61.0492032,61.17866558,61.64672365,61.49077971,61.70352853,61.53043707
3133.758,61.22798963,61.05904396,61.1828918,61.6538214,61.50210778,61.70779101,61.53752143
3133.276,61.23503917,61.07029249,61.18570944,61.65950019,61.51343793,61.71205378,61.54602374
3132.794,61.24208952,61.08154309,61.18993615,61.66659941,61.52477016,61.71489579,61.55310989
3132.312,61.24914068,61.09279576,61.19275411,61.67369945,61.53752143,61.71915905,61.56161436
3131.83,61.25619266,61.1054575,61.19839043,61.68364087,61.55027533,61.72626514,61.57012
3131.348,61.26606679,61.11812185,61.20684589,61.69500447,61.56303188,61.73763659,61.58004473
3130.866,61.27735345,61.13501175,61.21953126,61.7092119,61.57720893,61.75185384,61.59280744
3130.384,61.29287601,61.15190631,61.23644918,61.72484386,61.59422569,61.77034116,61.60840992
3129.901,61.31263769,61.17303108,61.25619266,61.7433231,61.61266582,61.79167957,61.62827332
3129.419,61.33664257,61.19557221,61.28017544,61.76323,61.63536895,61.81587201,61.65240178
3128.937,61.36206975,61.21812164,61.30699084,61.78456595,61.65666073,61.83865001,61.67795986
3128.455,61.38750747,61.23926929,61.33381798,61.80306307,61.67938006,61.86001201,61.70494933
3127.973,61.41012763,61.25901368,61.35783116,61.82156572,61.69926635,61.87568217,61.72910781
3127.491,61.42992711,61.27453159,61.38044038,61.8358023,61.71631685,61.88708114,61.74901013
3127.009,61.44548832,61.2886422,61.40023029,61.84719393,61.73052919,61.89563175,61.76465217
3126.527,61.45680804,61.29993302,61.41719814,61.85858765,61.74190142,61.90133281,61.77745315
3126.045,61.4667145,61.31263769,61.43275613,61.86855888,61.75327575,61.90845987,61.7874113
3125.562,61.47803814,61.32675707,61.44831805,61.88138139,61.76607437,61.91843914,61.79594813
3125.08,61.48936385,61.34229214,61.46388392,61.89563175,61.77887564,61.931272,61.80448615
3124.598,61.50069165,61.35924399,61.47803814,61.90988539,61.79310239,61.94553384,61.81160206
3124.116,61.51343793,61.37620052,61.49219561,61.92556818,61.80733242,61.96265239,61.82014224
3123.634,61.52618684,61.39033454,61.50494012,61.93840251,61.82014224,61.97834855,61.82725996
3123.152,61.53752143,61.4016441,61.51485434,61.94981303,61.83153098,61.99119382,61.8343785
3122.67,61.5488581,61.41154167,61.52477016,61.95979897,61.84149785,62.00404175,61.84292182
3122.188,61.56019686,61.42144084,61.53468758,61.96978651,61.85146633,62.01689234,61.85289053
3121.705,61.57295547,61.43275613,61.5474409,61.98120282,61.86286084,62.0297456,61.86713432
3121.223,61.5871348,61.4440735,61.56019686,61.99547616,61.87853172,62.04403012,61.88280628
3120.741,61.60273583,61.4596383,61.57579107,62.01118064,61.89563175,62.06117589,61.90133281
3120.259,61.61834082,61.47520703,61.59280744,62.02688909,61.91416212,62.07832639,61.91986488
3119.777,61.6325306,61.49077971,61.60840992,62.04260152,61.93269803,62.09405185,61.93697634
3119.295,61.64672365,61.50635634,61.62401634,62.056889,61.9483866,62.1097813,61.95409252
3118.813,61.65950019,61.52193691,61.63678817,62.07117977,61.96407915,62.12551473,61.96835962
3118.331,61.67369945,61.53752143,61.6509822,62.08404428,61.97834855,62.1398213,61.98405723
3117.849,61.68932241,61.55310989,61.6651795,62.09691146,61.99119382,62.15413117,61.99833123
3117.366,61.70494933,61.57012,61.6808003,62.11121144,62.00404175,62.16987583,62.01403642
3116.884,61.7205802,61.58855291,61.69784569,62.12694524,62.01689234,62.18419263,62.0311739
3116.402,61.7319506,61.60699135,61.71347477,62.14411392,62.0297456,62.19851271,62.04688742
3115.92,61.74190142,61.62259741,61.72910781,62.16128734,62.04117295,62.21140361,62.05974689
3115.438,61.74616655,61.63678817,61.7433231,62.17703382,62.05403124,62.21999903,62.07117977
3114.956,61.74758832,61.64672365,61.75469768,62.19135226,62.06546307,62.22716278,62.08118527
3114.474,61.74901013,61.65524105,61.76465217,62.20424167,62.07546765,62.23289438,62.0897627
3113.992,61.75043197,61.66233978,61.77318586,62.21570117,62.08833304,62.24005962,62.09834131
3113.51,61.75754166,61.66943932,61.78172073,62.22716278,62.10120111,62.248659,62.1069211
3113.027,61.7674966,61.67795986,61.79025678,62.23719343,62.11407184,62.26012668,62.11836267
3112.545,61.78172073,61.68648157,61.79879401,62.24722569,62.12694524,62.27303035,62.12980635
3112.063,61.79737106,61.69642506,61.8087556,62.25725956,62.1398213,62.28593669,62.14125214
3111.581,61.81444866,61.70779101,61.8187188,62.26872883,62.15270004,62.30028021,62.15270004
3111.099,61.83153098,61.71915905,61.83010728,62.28020021,62.16558144,62.3131922,62.16415004
3110.617,61.84861803,61.73052919,61.84149785,62.29454241,62.17989724,62.32610687,62.17417053
3110.135,61.8642853,61.7433231,61.85573902,62.30888791,62.19421634,62.33902421,62.18562449
3109.653,61.87995654,61.75754166,61.8714081,62.32467177,62.21140361,62.35337995,62.19851271
3109.17,61.89563175,61.7717635,61.88850616,62.34189509,62.22859563,62.36917509,62.21426862
3108.688,61.91131093,61.7874113,61.90418354,62.35768732,62.24579241,62.38497423,62.22859563
3108.206,61.92699408,61.80306307,61.91843914,62.37204736,62.26156029,62.39934055,62.24435916
3107.724,61.93982871,61.81729539,61.931272,62.38353778,62.27446425,62.41227307,62.25725956
3107.242,61.9512395,61.83153098,61.94268121,62.39503031,62.28737089,62.42520827,62.27159648
3106.76,61.96122566,61.84719393,61.95266599,62.40508801,62.29741124,62.43670848,62.28306838
3106.278,61.97264039,61.86143641,61.96407915,62.41514733,62.30888791,62.4467729,62.29597681
3105.796,61.98405723,61.87853172,61.9754944,62.42808313,62.32180168,62.45827708,62.31032264
3105.314,61.99690368,61.89563175,61.98833908,62.44102161,62.33471813,62.46978338,62.32610687
3104.831,62.01118064,61.91273651,62.00261407,62.45540084,62.34763726,62.48416924,62.34333059
3104.349,62.02688909,61.92984599,62.01689234,62.47122182,62.36199499,62.4985584,62.36055906
3103.867,62.04260152,61.94553384,62.0311739,62.48704681,62.37491977,62.51295089,62.37635602
3103.385,62.05974689,61.95979897,62.04403012,62.50143664,62.38784723,62.52878644,62.39215698
3102.903,62.07546765,61.97406738,62.056889,62.51582978,62.40221421,62.54462601,62.40652496
3102.421,62.0926221,61.98833908,62.06832136,62.53022624,62.41514733,62.5590291,62.41945897
3101.939,62.10835118,62.00118642,62.07975582,62.54318589,62.43095811,62.57343551,62.43095811
3101.457,62.12408425,62.01403642,62.0897627,62.55614822,62.4467729,62.58640412,62.44102161
3100.974,62.1398213,62.02688909,62.10263106,62.56911324,62.4625917,62.59793402,62.45108672
3100.492,62.15413117,62.03831592,62.11407184,62.579199,62.47697589,62.60802443,62.46115346
3100.01,62.16701287,62.04974485,62.12694524,62.59072758,62.48992451,62.61523286,62.46834498
3099.528,62.17846551,62.05974689,62.14125214,62.60225828,62.50143664,62.62388407,62.47697589
3099.046,62.19135226,62.07117977,62.15556234,62.61523286,62.51295089,62.63397866,62.48704681
3098.564,62.20567399,62.08261476,62.17130737,62.62965221,62.5230276,62.64695981,62.49711934
3098.082,62.22143171,62.09691146,62.18848831,62.64551733,62.53454582,62.66138647,62.51007213
3097.6,62.23862651,62.11121144,62.20567399,62.66282932,62.54606617,62.67725963,62.52446726
3097.118,62.25439257,62.12551473,62.21999903,62.67870284,62.55758865,62.69313681,62.53742571
3096.635,62.26729505,62.1383905,62.23289438,62.69024975,62.56767255,62.70613022,62.54750637
3096.153,62.27733217,62.14983786,62.24292595,62.70035504,62.57487634,62.71623807,62.55758865
3095.671,62.28306838,62.15842478,62.25152572,62.7075741,62.579199,62.72201471,62.56479127
3095.189,62.28737089,62.16844434,62.26012668,62.71479399,62.58352197,62.72779189,62.57055397
3094.707,62.2916737,62.17846551,62.27016264,62.72201471,62.58784524,62.7335696,62.579199
3094.225,62.29597681,62.19135226,62.28163428,62.73501411,62.59361006,62.74079248,62.5921688
3093.743,62.30601854,62.20853874,62.29741124,62.75090592,62.60369977,62.75235083,62.60802443
3093.261,62.31893172,62.22859563,62.31606189,62.77113768,62.61811646,62.76824703,62.62676807
3092.778,62.33615346,62.25152572,62.33758882,62.79426768,62.63686313,62.78559293,62.64984488
3092.296,62.3562515,62.27446425,62.35768732,62.81885265,62.65705812,62.80438974,62.67293018
3091.814,62.3777923,62.29884571,62.37922862,62.84344724,62.67870284,62.82319217,62.696024
3091.332,62.40077737,62.32036668,62.40077737,62.86660389,62.70324256,62.84200023,62.71623807
3090.85,62.42520827,62.34045964,62.42089624,62.88832099,62.72634755,62.86081393,62.73645865
3090.368,62.44821081,62.35768732,62.44102161,62.90859706,62.74946104,62.87963325,62.75379577
3089.886,62.47122182,62.37348355,62.45971525,62.92743069,62.77113768,62.89700994,62.76969234
3089.404,62.49280234,62.38784723,62.47697589,62.94337125,62.78993016,62.91294278,62.78559293
3088.922,62.51007213,62.40077737,62.49136341,62.95641652,62.80438974,62.92743069,62.79860551
3088.439,62.52590695,62.41227307,62.50143664,62.96801459,62.81740621,62.93902342,62.8101745
3087.957,62.53886571,62.42233355,62.51007213,62.97671454,62.827532,62.95061829,62.81885265
3087.475,62.54894659,62.43095811,62.51726928,62.98396542,62.8347657,62.96221529,62.82897867
3086.993,62.55758865,62.44102161,62.52446726,62.99121714,62.84344724,62.97381442,62.83765941
3086.511,62.56767255,62.45108672,62.53310593,62.99992029,62.85357723,62.98686601,62.8492356
3086.029,62.58063996,62.46402997,62.54462601,63.0100755,62.86515635,63.00137094,62.86226137
3085.547,62.59505134,62.47985313,62.5590291,63.02168345,62.87963325,63.01878127,62.87963325
3085.065,62.6109077,62.49711934,62.57487634,63.0361964,62.8955617,63.03764788,62.89845821
3084.583,62.62821012,62.51582978,62.5921688,63.0507127,62.91294278,63.05652015,62.91873755
3084.1,62.64695981,62.53598575,62.6109077,63.06668448,62.93032867,63.07394572,62.94047266
3083.618,62.66715806,62.55470783,62.62965221,63.08411285,62.94916881,63.09282885,62.96221529
3083.136,62.68736282,62.57343551,62.64840233,63.10154605,62.96656471,63.11026445,62.98106497
3082.654,62.70613022,62.5921688,62.66571511,63.12043744,62.98396542,63.12770487,62.99846968
3082.172,62.72490323,62.60658284,62.68303268,63.13933449,63.00137094,63.14369616,63.01297729
3081.69,62.74223716,62.6210002,62.69891132,63.1582372,63.01878127,63.1582372,63.02603699
3081.208,62.75668576,62.63253648,62.71046195,63.17569088,63.0361964,63.17132701,63.0361964
3080.726,62.76680176,62.64407488,62.72201471,63.1902393,63.0507127,63.18150984,63.04635746
3080.243,62.77547391,62.65417272,62.73068068,63.20479106,63.06523233,63.1902393,63.05361636
3079.761,62.78270162,62.6642722,62.73934784,63.21789052,63.07685045,63.1960596,63.06087609
3079.279,62.78703864,62.6743733,62.7480162,63.22808086,63.0884707,63.20333573,63.06813666
3078.797,62.79137597,62.68447603,62.75957588,63.23972897,63.1000931,63.21061271,63.07539806
3078.315,62.79571359,62.69458039,62.77113768,63.24846647,63.11171763,63.21789052,63.08266031
3077.833,62.80005152,62.70468637,62.78414726,63.25866174,63.12189086,63.22662499,63.0913761
3077.351,62.80583588,62.71334994,62.79715953,63.26594508,63.13206573,63.23536068,63.1000931
3076.869,62.81306709,62.72201471,62.8101745,63.27322926,63.14224224,63.24555383,63.11026445
3076.387,62.82174563,62.73068068,62.82463875,63.28051428,63.15242038,63.25429213,63.12189086
3075.904,62.83187212,62.74223716,62.83765941,63.28780014,63.16114581,63.26594508,63.13351941
3075.422,62.84489428,62.75524075,62.85212998,63.29800175,63.17132701,63.27760017,63.14805812
3074.94,62.85936652,62.77113768,62.86660389,63.308205,63.18296467,63.29071471,63.16405456
3074.458,62.87528983,62.78848438,62.88108113,63.32132589,63.19460447,63.30383198,63.18150984
3073.976,62.89121718,62.80438974,62.8955617,63.33444949,63.20624642,63.31695196,63.19751476
3073.494,62.90714855,62.82029912,62.90859706,63.34903447,63.21789052,63.32861645,63.2120682
3073.012,62.92163513,62.8347657,62.92018632,63.36216382,63.22953675,63.33882463,63.22516916
3072.53,62.9346759,62.84634136,62.93032867,63.37383664,63.23972897,63.34757582,63.23681674
3072.047,62.94771937,62.85647181,62.94047266,63.3855116,63.25283567,63.35632822,63.24701013
3071.565,62.96076554,62.86949907,62.95061829,63.39864851,63.26594508,63.36654087,63.25866174
3071.083,62.97671454,62.88397697,62.96366506,63.41324827,63.28051428,63.38113324,63.27177236
3070.601,62.99411805,62.90280323,62.97961479,63.42931189,63.29654427,63.39718872,63.28780014
3070.119,63.01442823,62.92453284,62.99701911,63.44830141,63.31403617,63.41616863,63.30528962
3069.637,63.03474496,62.94916881,63.01442823,63.46875803,63.33299118,63.43807558,63.32278393
3069.155,63.05506824,62.97381442,63.03329355,63.48775936,63.35195187,63.45852889,63.34174156
3068.673,63.07685045,62.99846968,63.0507127,63.50822869,63.36945908,63.47752716,63.35778707
3068.191,63.09864018,63.02023234,63.06668448,63.52577909,63.3855116,63.49506908,63.37383664
3067.708,63.11898406,63.0390994,63.08411285,63.54187121,63.4015682,63.50969104,63.38989027
3067.226,63.13933449,63.05506824,63.1000931,63.55796741,63.41616863,63.52285369,63.40302809
3066.744,63.1582372,63.06668448,63.1146241,63.57260386,63.42931189,63.53309319,63.41616863
3066.262,63.1727816,63.07539806,63.12770487,63.58577955,63.44099708,63.54187121,63.42785139
3065.78,63.18441953,63.07975531,63.13788067,63.59602919,63.45122338,63.54918716,63.43807558
3065.298,63.1902393,63.08266031,63.14515011,63.60481591,63.4599901,63.55504053,63.44391871
3064.816,63.19169432,63.08266031,63.14951217,63.61213911,63.46583525,63.55796741,63.44830141
3064.334,63.1902393,63.08120779,63.15096626,63.61653343,63.47168094,63.55943091,63.44976238
3063.851,63.18732934,63.07975531,63.15096626,63.61946315,63.47606556,63.56089443,63.45268442
3063.369,63.18587442,63.08120779,63.15096626,63.622393,63.48191219,63.56382159,63.45560659
3062.887,63.18587442,63.08266031,63.15387454,63.62385798,63.48922123,63.56674888,63.4599901
3062.405,63.1887843,63.08701805,63.15678295,63.62678803,63.49653112,63.57260386,63.46729662
3061.923,63.19460447,63.09428163,63.16260017,63.63118337,63.50384185,63.57845938,63.47752716
3061.441,63.20333573,63.10299903,63.16841793,63.63704428,63.51115342,63.58431545,63.48922123
3060.959,63.21352373,63.1146241,63.17423622,63.64437119,63.51992842,63.59163628,63.49945531
3060.477,63.22516916,63.12770487,63.18296467,63.65463028,63.53016745,63.59895796,63.50969104
3059.995,63.23827284,63.14369616,63.19169432,63.66782296,63.54040812,63.60774509,63.51992842
3059.512,63.25283567,63.16114581,63.20188044,63.68395107,63.55211378,63.61946315,63.52870463
3059.03,63.26740185,63.1786003,63.21497929,63.70155003,63.56528522,63.63118337,63.53748205
3058.548,63.28197138,63.1960596,63.22808086,63.72062105,63.57845938,63.64583667,63.5477239
3058.066,63.29508683,63.21061271,63.24264134,63.73969779,63.59017205,63.65902754,63.55650395
3057.584,63.30528962,63.22371337,63.25429213,63.7558441,63.6004224,63.67368726,63.56674888
3057.102,63.31257833,63.23244865,63.26448834,63.76905776,63.60920973,63.68395107,63.57553156
3056.62,63.31695196,63.23681674,63.27322926,63.77786839,63.61360385,63.69421654,63.58431545
3056.138,63.31986788,63.23827284,63.28051428,63.78227416,63.61653343,63.70155003,63.59017205
3055.656,63.32132589,63.23681674,63.2863429,63.78521151,63.61799827,63.70595053,63.59456485
3055.173,63.32278393,63.23390465,63.29217205,63.78521151,63.61946315,63.70888436,63.59749356
3054.691,63.32570012,63.23099268,63.29800175,63.78374282,63.61946315,63.71181833,63.59895796
3054.209,63.32861645,63.22808086,63.30237437,63.78080554,63.61946315,63.71475244,63.59895796
3053.727,63.3315329,63.22516916,63.308205,63.77933695,63.62092806,63.71621954,63.6004224
3053.245,63.33444949,63.22516916,63.31112052,63.77786839,63.62385798,63.71768668,63.6004224
3052.763,63.33736622,63.22662499,63.31257833,63.77786839,63.62825311,63.72208829,63.60335137
3052.281,63.34028308,63.23244865,63.31403617,63.78080554,63.635579,63.72649021,63.60628048
3051.799,63.34320008,63.23972897,63.31403617,63.78521151,63.64290574,63.73235991,63.60920973
3051.316,63.34465862,63.24846647,63.31403617,63.78961779,63.65169894,63.73823014,63.61360385
3050.834,63.34465862,63.25574864,63.31257833,63.79402438,63.65902754,63.7455687,63.61506862
3050.352,63.34320008,63.26303164,63.30966274,63.7954933,63.66195921,63.74997224,63.61506862
3049.87,63.33882463,63.26448834,63.30528962,63.79402438,63.66195921,63.75144016,63.61213911
3049.388,63.3315329,63.26011834,63.29800175,63.788149,63.65463028,63.74850436,63.60628048
3048.906,63.32132589,63.25137923,63.28780014,63.77933695,63.64437119,63.74116547,63.59749356
3048.424,63.308205,63.23827284,63.27614317,63.76758944,63.62971822,63.73089243,63.58577955
3047.942,63.29362943,63.2222576,63.26448834,63.75437609,63.61360385,63.71768668,63.57260386
3047.46,63.28051428,63.20770182,63.25283567,63.74116547,63.59895796,63.70595053,63.55943091
3046.977,63.27031549,63.19314938,63.24409757,63.73089243,63.58431545,63.69421654,63.5477239
3046.495,63.26157497,63.18296467,63.23681674,63.72355556,63.57260386,63.68541746,63.53894507
3046.013,63.25429213,63.17423622,63.23244865,63.71768668,63.56235799,63.68101838,63.53016745
3045.531,63.24992283,63.16841793,63.23099268,63.71328537,63.55357714,63.67661961,63.52431637
3045.049,63.24555383,63.16405456,63.22953675,63.70888436,63.5477239,63.67515342,63.51992842
3044.567,63.24118514,63.15969149,63.22808086,63.70301683,63.54040812,63.67222113,63.51554077
3044.085,63.23536068,63.15387454,63.22371337,63.69568317,63.53309319,63.66782296,63.50969104
3043.603,63.22808086,63.1466041,63.21789052,63.68688389,63.52577909,63.66195921,63.50237964
3043.12,63.21934618,63.13788067,63.20915724,63.67515342,63.51554077,63.65169894,63.49214509
3042.638,63.20770182,63.12770487,63.19751476,63.6634251,63.5053041,63.64144033,63.47898881
3042.156,63.19460447,63.1146241,63.18296467,63.64876774,63.49214509,63.62678803,63.46291261
3041.674,63.18005505,63.1000931,63.16550898,63.635579,63.47898881,63.61213911,63.44391871
3041.192,63.16260017,63.08411285,63.1466041,63.62092806,63.46291261,63.59602919,63.42200974
3040.71,63.14515011,63.06813666,63.1247978,63.60774509,63.44391871,63.57845938,63.40010834
3040.228,63.12334431,63.04926092,63.10154605,63.59310055,63.4249305,63.55943091,63.37529589
3039.746,63.1000931,63.02748823,63.07685045,63.57553156,63.40302809,63.53894507,63.35049315
3039.264,63.0724934,63.00572307,63.04926092,63.55796741,63.3782145,63.51554077,63.32424201
3038.781,63.04345413,62.98251518,63.02023234,63.53748205,63.35195187,63.49068314,63.29945925
3038.299,63.01297729,62.95786616,62.99266758,63.51407829,63.32570012,63.46437391,63.27322926
3037.817,62.98251518,62.93322679,62.96366506,63.49068314,63.29800175,63.43661488,63.24846647
3037.335,62.95206779,62.90714855,62.93612504,63.46583525,63.27177236,63.41032805,63.22516916
3036.853,62.92308397,62.88252903,62.90859706,63.43953631,63.24555383,63.3855116,63.20042518
3036.371,62.89700994,62.85791915,62.88252903,63.41324827,63.22080187,63.36216382,63.17569088
3035.889,62.87239438,62.83187212,62.85647181,63.3855116,63.19751476,63.33882463,63.15096626
3035.407,62.84634136,62.80438974,62.83042538,63.35778707,63.1727816,63.31695196,63.12334431
3034.924,62.82029912,62.77691938,62.80294363,63.32861645,63.14805812,63.29217205,63.09428163
3034.442,62.79426768,62.74657139,62.77547391,63.29654427,63.12189086,63.26740185,63.06232814
3033.96,62.7639113,62.71479399,62.74657139,63.26448834,63.09428163,63.23972897,63.03039082
3033.478,62.73212512,62.68014609,62.71479399,63.22953675,63.06378022,63.20915724,62.99701911
3032.996,62.696024,62.64263246,62.68014609,63.19460447,63.02893951,63.17569088,62.96076554
3032.514,62.65705812,62.60369977,62.64263246,63.15532873,62.98831635,63.13788067,62.92308397
3032.032,62.6137911,62.56191012,62.60225828,63.1146241,62.94337125,63.09864018,62.88108113
3031.55,62.56623189,62.51582978,62.55758865,63.07104112,62.89266532,63.05361636,62.83621254
3031.068,62.51439032,62.46834498,62.51151149,63.02458578,62.83910632,63.00717385,62.78703864
3030.585,62.46115346,62.41945897,62.4625917,62.97671454,62.78414726,62.95786616,62.73790323
3030.103,62.40939895,62.37204736,62.41514733,62.92887967,62.73068068,62.91149418,62.68736282
3029.621,62.35768732,62.32754199,62.367739,62.88397697,62.68014609,62.86660389,62.63974773
3029.139,62.3117574,62.28450252,62.32323671,62.84200023,62.63542088,62.82608535,62.59361006
3028.657,62.26729505,62.24435916,62.28306838,62.80294363,62.59649266,62.79137597,62.55182715
3028.175,62.22716278,62.20710635,62.24435916,62.76824703,62.56191012,62.75957588,62.51295089
3027.693,62.18992027,62.16987583,62.20710635,62.73501411,62.52878644,62.73068068,62.47553733
3027.211,62.15270004,62.13409828,62.16987583,62.70179878,62.49711934,62.70179878,62.43814616
3026.729,62.11693236,62.09834131,62.13409828,62.66715806,62.46402997,62.6714871,62.39934055
3026.246,62.08118527,62.06260491,62.09834131,62.63253648,62.4295206,62.63974773,62.36055906
3025.764,62.04545875,62.02688909,62.06260491,62.59649266,62.39359362,62.60658284,62.32323671
3025.282,62.00975279,61.99262123,62.02546088,62.5590291,62.35912318,62.57199472,62.28450252
3024.8,61.9754944,61.95837231,61.98691176,62.52158797,62.32467177,62.53598575,62.248659
3024.318,61.94125494,61.92271647,61.9483866,62.4812918,62.28880513,62.4985584,62.21140361
3023.836,61.90418354,61.88565616,61.9070344,62.44245938,62.25295913,62.45971525,62.17417053
3023.354,61.86286084,61.84434582,61.86143641,62.39934055,62.2128361,62.41802172,62.13409828
3022.872,61.82014224,61.79879401,61.81444866,62.3562515,62.16987583,62.37635602,62.0926221
3022.389,61.77318586,61.75043197,61.76607437,62.31032264,62.12408425,62.33184758,62.04688742
3021.907,61.72484386,61.69926635,61.71773793,62.26442761,62.07546765,62.28880513,62.00118642
3021.425,61.67511955,61.64956265,61.67085933,62.21856638,62.02831733,62.24579241,61.95409252
3020.943,61.62827332,61.59989899,61.62685429,62.17417053,61.97977567,62.20424167,61.90845987
3020.461,61.58288066,61.55310989,61.58429867,62.12980635,61.9341241,62.16558144,61.86286084
3019.979,61.5389384,61.50918888,61.5431895,62.08833304,61.88993121,62.12694524,61.81729539
3019.497,61.49644348,61.4667145,61.50210778,62.04688742,61.84576986,62.0897627,61.7717635
3019.015,61.45397791,61.42426946,61.45822315,62.00546946,61.80164001,62.04974485,61.72484386
3018.533,61.40871363,61.38044038,61.41295574,61.96265239,61.75469768,62.00975279,61.67795986
3018.05,61.36206975,61.33381798,61.36348268,61.91558776,61.70637015,61.96550594,61.62685429
3017.568,61.31263769,61.28440867,61.3098142,61.86713432,61.65524105,61.91701343,61.57579107
3017.086,61.26042423,61.23080935,61.25337177,61.81302535,61.59989899,61.86570979,61.52052033
3016.604,61.20402727,61.17303108,61.19416314,61.75611966,61.54177244,61.81160206,61.46388392
3016.122,61.14345845,61.11108577,61.13219644,61.69642506,61.48086937,61.75327575,61.40447181
3015.64,61.08013665,61.04639184,61.06888631,61.6325306,61.41719814,61.69216337,61.3408797
3015.158,61.01266568,60.97895815,61.00283239,61.56728465,61.34935484,61.62827332,61.27312071
3014.676,60.94105944,60.90879393,60.93404374,61.49927556,61.27735345,61.56161436,61.20120879
3014.193,60.86533266,60.83590878,60.86252977,61.42851265,61.20120879,61.49219561,61.12515874
3013.711,60.7841013,60.76031266,60.78550092,61.35359285,61.12093651,61.41861234,61.04217505
3013.229,60.69738766,60.67922146,60.70297836,61.27453159,61.03374235,61.33946729,60.95649681
3012.747,60.60382005,60.59265744,60.61358902,61.18852721,60.93965623,61.25337177,60.8639312
3012.265,60.50621692,60.50064434,60.51457674,61.09560925,60.84011132,61.16317195,60.76590915
3011.783,60.40042577,60.40042577,60.40877097,60.99440512,60.73373638,61.06466797,60.66385431
3011.301,60.28926648,60.29481959,60.29759633,60.88495649,60.62335957,60.96070768,60.55639317
3010.819,60.17415495,60.18246889,60.17969745,60.77150616,60.50900339,60.85272068,60.44355506
3010.337,60.05649743,60.06479511,60.0578803,60.65407724,60.39069115,60.74212763,60.32953807
3009.854,59.93630973,59.94459081,59.93492966,60.53269364,60.26983465,60.62894344,60.21019032
3009.372,59.81498525,59.82049467,59.80947634,60.41016195,60.14783504,60.51597015,60.08831145
3008.89,59.69390636,59.69390636,59.68428562,60.28510199,60.02470025,60.40181655,59.96391778
3008.408,59.57032918,59.56347129,59.55661419,60.15891571,59.89905903,60.28649012,59.83702597
3007.926,59.44700783,59.43332123,59.42784747,60.03022899,59.77230447,60.16861296,59.70627817
3007.444,59.31984397,59.29935916,59.29662838,59.90043827,59.64169809,60.04958357,59.57307256
3006.962,59.18886336,59.16569903,59.16297441,59.76817569,59.51000682,59.92664992,59.43879549
3006.48,59.0540925,59.03098092,59.02826251,59.63345886,59.37587189,59.79983697,59.30345555
3005.997,58.91555864,58.89385734,58.88978924,59.49630571,59.23794716,59.67054438,59.16569903
3005.515,58.77193641,58.75569936,58.75028801,59.35810121,59.0976212,59.5374185,59.02690335
3005.033,58.62461451,58.61651578,58.60706867,59.21749063,58.95491262,59.401854,58.88572141
3004.551,58.47496897,58.47227616,58.46150616,59.07313236,58.80848616,59.26250432,58.74217192
3004.069,58.32436243,58.32570541,58.31361967,58.92776913,58.65837127,59.12075887,58.59492463
3003.587,58.17280429,58.17682286,58.1634287,58.78141009,58.5059452,58.97663641,58.44400914
3003.105,58.020304,58.02564812,58.01362455,58.63541456,58.35257158,58.83286529,58.29079789
3002.623,57.86953597,57.8735336,57.86154156,58.49112843,58.19825995,58.68809329,58.13531099
3002.141,57.71915972,57.72048877,57.71118608,58.34719735,58.04569293,58.54502557,57.9815739
3001.658,57.56784867,57.56784867,57.55989592,58.20496066,57.89485892,58.40365139,57.82691183
3001.176,57.41693427,57.41561221,57.40900238,58.0630707,57.7457465,58.2626186,57.6753183
3000.694,57.26509691,57.26509691,57.2585044,57.92019296,57.59569192,58.1232647,57.52412217
3000.212,57.11366107,57.11497618,57.107086,57.7750061,57.44735002,57.98691444,57.37464349
2999.73,56.96262571,56.96656068,56.9573795,57.62885621,57.29939019,57.85088405,57.22818863
2999.248,56.81329791,56.81983916,56.80675741,57.4804289,57.15181144,57.71517276,57.08210762
2998.766,56.66697112,56.67480049,56.65914283,57.33238387,57.00461279,57.58243155,56.93771051
2998.284,56.52362416,56.53143373,56.51191183,57.18735365,56.86041171,57.44867281,56.79629418
2997.802,56.3832363,56.38972803,56.36895712,57.04531728,56.71657542,57.31654453,56.65522909
2997.319,56.24319712,56.24967273,56.22636402,56.90494396,56.57440564,57.18208674,56.51451436
2996.837,56.1047976,56.10867332,56.08542304,56.76753024,56.43259223,57.04794438,56.37414913
2996.355,55.96416135,55.96802735,55.94612354,56.63175233,56.29113429,56.91411669,56.2328377
2995.873,55.82387762,55.82773393,55.80717002,56.49760006,56.15003095,56.77929555,56.09188048
2995.391,55.68394553,55.68907445,55.66984345,56.36246777,56.01186069,56.64479377,55.9512766
2994.909,55.54436421,55.55331763,55.53541224,56.2289534,55.87531699,56.51321308,55.81359543
2994.427,55.40896016,55.4204439,55.40385704,56.09704697,55.7416731,56.3858329,55.67881709
2993.945,55.27643171,55.29043414,55.27515894,55.96544998,55.61219027,56.26133071,55.54820122
2993.462,55.1480296,55.16581009,55.14929944,55.83801872,55.48556337,56.14227407,55.42172002
2992.98,55.02372653,55.04273433,55.02752756,55.71216042,55.36304901,56.02604942,55.29807332
2992.498,54.90096776,54.92246237,54.90602456,55.58658581,55.24207714,55.91135276,55.17724343
2992.016,54.77848287,54.80119136,54.78605132,55.46384838,55.12010041,55.7968909,55.0579453
2991.534,54.65627125,54.68144719,54.66634023,55.34138197,54.9996594,55.68394553,54.93890511
2991.052,54.5330766,54.55945205,54.54563475,55.21918596,54.87695433,55.56994923,54.81886002
2990.57,54.41015962,54.43772909,54.42519578,55.09725977,54.75326226,55.4561863,54.69907725
2990.088,54.2862697,54.31502703,54.30502275,54.9756028,54.62984899,55.34265626,54.57704278
2989.606,54.16266187,54.19260154,54.18261981,54.85421444,54.50671389,55.22935865,54.45402671
2989.123,54.03809121,54.07045199,54.05924799,54.73183386,54.38385634,55.11629298,54.33128791
2988.641,53.91504847,53.94982,53.93615708,54.61098376,54.26252513,55.00345877,54.20757758
2988.159,53.7910473,53.82821768,53.81210736,54.49040051,54.14146462,54.89085556,54.08539427
2987.677,53.66856708,53.70812611,53.68834295,54.37133543,54.02067419,54.77848287,53.96348637
2987.195,53.54636573,53.58830247,53.56486319,54.25377975,53.90139436,54.66634023,53.84185325
2986.713,53.4256728,53.46874616,53.44289798,54.13772479,53.78237791,54.55442717,53.72296826
2986.231,53.30402452,53.34945658,53.32121047,54.02191808,53.66362425,54.44148965,53.60558008
2985.749,53.18387781,53.22920747,53.20225005,53.90760035,53.54389989,54.32753497,53.4872168
2985.266,53.06155829,53.1092294,53.08233274,53.7910473,53.42321251,54.21257051,53.37034375
2984.784,52.93830113,52.98708157,52.96268573,53.67351036,53.30156983,54.09535809,53.25004756
2984.302,52.8128981,52.86278018,52.84087493,53.55376395,53.1765307,53.97591336,53.12879917
2983.82,52.68415272,52.73634174,52.71691653,53.42936344,53.04812033,53.85425222,53.00294488
2983.338,52.55088085,52.60657166,52.58840513,53.30156983,52.91636458,53.72791656,52.87130134
2982.856,52.41311846,52.4710796,52.45537547,53.16918459,52.77885934,53.59817471,52.73512746
2982.374,52.2696991,52.33111642,52.31545418,53.03102239,52.63807518,53.46259069,52.59324893
2981.892,52.11947111,52.18431656,52.16869825,52.88591224,52.4892056,53.32121047,52.44329856
2981.41,51.96129904,52.02834364,52.01396966,52.7339132,52.33352642,53.17408188,52.28655158
2980.927,51.7940653,51.86447666,51.85134186,52.57387643,52.16869825,53.01881295,52.12067122
2980.445,51.61667202,51.69041275,51.67970191,52.4034645,51.99481053,52.85547742,51.94694359
2979.963,51.4304116,51.50625813,51.4967712,52.22157909,51.81076443,52.68293964,51.76306692
2979.481,51.23302511,51.31094344,51.30385506,52.02954165,51.61548351,52.50129308,51.56915319
2978.999,51.02464596,51.10342407,51.09871748,51.82388894,51.40791617,52.3070226,51.36295482
2978.517,50.80541462,50.88385425,50.88033944,51.60716475,51.18939539,52.10147279,51.14580282
2978.035,50.57431393,50.65123045,50.64773171,51.3759659,50.95772139,51.88358776,50.91549848
2977.553,50.33151465,50.40574059,50.4022588,51.13285003,50.71424916,51.65115054,50.67106123
2977.07,50.07604258,50.14758232,50.1418092,50.87682487,50.45799623,51.40673247,50.41386569
2976.588,49.80580914,49.87696283,49.867776,50.60809619,50.18916843,51.14815823,50.14411837
2976.106,49.52220801,49.59295654,49.58153865,50.32572035,49.90683172,50.87682487,49.86088699
2975.624,49.22208431,49.2958092,49.27992067,50.02994207,49.61123062,50.59294963,49.56555803
2975.142,48.90688473,48.98464895,48.96547818,49.71987178,49.30148491,50.29560076,49.25609747
2974.66,48.57356733,48.65752338,48.63400107,49.39465996,48.97449878,49.98503494,48.93391914
2974.178,48.22475168,48.31366682,48.28808694,49.05237051,48.63176144,49.65923215,48.59594143
2973.696,47.85970309,47.95236154,47.92476588,48.69451,48.27252321,49.3173804,48.2425216
2973.214,47.47882909,47.57403634,47.54556362,48.31922946,47.89718611,48.96209588,47.87403137
2972.731,47.0836367,47.17913781,47.15090143,47.92807652,47.50616797,48.59146579,47.49085626
2972.249,46.67453501,46.77028324,46.74121529,47.52148462,47.1020707,48.20920836,47.09447936
2971.767,46.25514002,46.34789346,46.3180215,47.10315528,46.6842085,47.81344102,46.6842085
2971.285,45.82473899,45.91240048,45.88386571,46.67131096,46.25514002,47.40782162,46.26259607
2970.803,45.38371048,45.46738741,45.43703671,46.22958555,45.81418867,46.99157485,45.8289598
2970.321,44.9334743,45.01217514,44.98005685,45.77728167,45.36385985,46.56611432,45.38371048
2969.839,44.47234191,44.54818351,44.51229638,45.31583638,44.90348001,46.13069525,44.92933597
2969.357,44.00276833,44.07476445,44.03621668,44.84664925,44.43446955,45.68672213,44.4651744
2968.875,43.5261245,43.59533307,43.55219018,44.37210173,43.95821006,45.23556301,43.99466347
2968.392,43.04175786,43.11019626,43.06257543,43.89246788,43.47704312,44.77854729,43.51810743
2967.91,42.55396186,42.62260605,42.56964221,43.41002141,42.99223272,44.31798437,43.03779375
2967.428,42.06394491,42.13179865,42.0746004,42.92595836,42.50499799,43.85508933,42.55690149
2966.946,41.57478385,41.64184852,41.5795706,42.44142918,42.01651233,43.39103406,42.07653805
2966.464,41.08847285,41.15285784,41.0865807,41.95753833,41.52885909,42.92892369,41.59776528
2965.982,40.60691534,40.66867283,40.59663154,41.47820942,41.04497543,42.4697789,41.12349336
2965.5,40.13284983,40.19110993,40.11344856,41.00246816,40.56579578,42.0174798,40.65556491
2965.018,39.66797218,39.72281338,39.63966723,40.53498345,40.09405668,41.57191207,40.19573737
2964.535,39.21389666,39.26539765,39.17599179,40.07651972,39.63327859,41.13769936,39.74660145
2964.053,38.77216033,38.82129335,38.72576449,39.6287159,39.18591571,40.71552133,39.30972449
2963.571,38.34422814,38.39105086,38.28864523,39.19584215,38.75341686,40.30695588,38.88660243
2963.089,37.92975173,37.9751939,37.86779349,38.7766244,38.33804828,39.91259819,38.47866536
2962.607,37.53185242,37.57595266,37.46191723,38.3733752,37.93935996,39.53393101,38.08640664
2962.125,37.1501011,37.19203998,37.07319368,37.98743763,37.55951711,39.1705798,37.71030109
2961.643,36.78662964,36.82646224,36.70286785,37.62010471,37.19889164,38.82486909,37.35338809
2961.161,36.44433248,36.47959432,36.3538156,37.27434323,36.85869884,38.49727594,37.01519145
2960.679,36.12351477,36.15513604,36.02632811,36.95132364,36.54012259,38.18915069,36.69779751
2960.196,35.82531354,35.85419697,35.72234825,36.65135203,36.24348912,37.90268708,36.40323674
2959.714,35.55166951,35.5778746,35.4445935,36.37726133,35.97079199,37.63830004,36.13183348
2959.232,35.30286891,35.32726369,35.19330068,36.12767388,35.72152572,37.39813974,35.8847562
2958.75,35.07841809,35.10265777,34.96793611,35.90459233,35.49768245,37.18176486,35.66317462
2958.268,34.87947987,34.90358208,34.7680233,35.70590129,35.29799197,36.99048282,35.46663619
2957.786,34.70643454,34.72961749,34.59473435,35.53284652,35.12367905,36.82391844,35.29636648
2957.304,34.55890712,34.580399,34.4460954,35.38425042,34.97357273,36.68174606,35.15037802
2956.822,34.43737184,34.45561452,34.32100527,35.26062452,34.84897429,36.56368847,35.02918234
2956.339,34.339977,34.35421268,34.21999959,35.16009177,34.74881509,36.4686763,34.93172238
2955.857,34.26651991,34.27598941,34.14129577,35.08326469,34.67128995,36.39485555,34.85699948
2955.375,34.21527225,34.21999959,34.08395631,35.02837577,34.61545145,36.3420984,34.80486872
2954.893,34.18534758,34.18613474,34.04787407,34.9945167,34.580399,36.30947755,34.77282701
2954.411,34.17354242,34.17275556,34.03141444,34.98082115,34.56606959,36.29526737,34.76081897
2953.929,34.179838,34.179838,34.03533268,34.98565426,34.57004939,36.30028209,34.76722274
2953.447,34.2026692,34.20424433,34.05728315,35.00821762,34.59234471,36.32118423,34.7904463
2952.965,34.24049228,34.24601164,34.09730073,35.04693152,34.63139613,36.35800123,34.82972135
2952.483,34.29256733,34.30204403,34.1523034,35.10104127,34.68566298,36.40826638,34.88349575
2952,34.35737697,34.37082844,34.22315151,35.16818862,34.75361614,36.47119555,34.94942219
2951.518,34.43578598,34.4516479,34.30757331,35.24844803,34.83533569,36.54685414,35.02676269
2951.036,34.52788687,34.54379121,34.40487624,35.34109488,34.93011376,36.63279031,35.11640103
2950.554,34.63219355,34.64894375,34.51596342,35.44622582,35.03724903,36.731613,35.21843067
2950.072,34.75121553,34.76642221,34.63937122,35.56558856,35.15685356,36.84257701,35.33377181
2949.59,34.88349575,34.89876031,34.77683061,35.69768065,35.28986524,36.96664186,35.46255317
2949.108,35.02837577,35.04451065,34.92689672,35.84181551,35.43480115,37.10308318,35.604099
2948.626,35.18600823,35.20302629,35.08811195,35.99896379,35.59098438,37.25117705,35.75773488
2948.143,35.35411742,35.37284573,35.25981262,36.16512746,35.75608821,37.40933602,35.92113081
2947.661,35.52875588,35.55085091,35.43806497,36.33791461,35.92857562,37.57335709,36.09192116
2947.179,35.70836785,35.73304284,35.62049907,36.51489028,36.10438902,37.74244232,36.26602862
2946.697,35.88888782,35.91699548,35.80304794,36.69272787,36.28189816,37.9114155,36.44097598
2946.215,36.06782883,36.09690779,35.983218,36.86803575,36.45776154,38.07851471,36.61255187
2945.733,36.24098559,36.27103931,36.15763364,37.03821088,36.62941646,38.24106687,36.77985392
2945.251,36.40658975,36.43510287,36.3236933,37.19974818,36.79255943,38.39458697,36.93856331
2944.769,36.56032098,36.58726955,36.47707449,37.34994787,36.94536827,38.53807344,37.08685446
2944.287,36.70033259,36.72315621,36.61592417,37.48521447,37.08343879,38.66695741,37.22116824
2943.804,36.82307055,36.84172869,36.73668801,37.602784,37.20488787,38.78019602,37.33876936
2943.322,36.92665765,36.94026444,36.83663917,37.70075087,37.3069719,38.87406889,37.43777243
2942.84,37.00922579,37.0168961,36.91475582,37.77635056,37.3869468,38.94664034,37.5163
2942.358,37.06892571,37.07148643,36.97004677,37.82857659,37.44466935,38.9986883,37.57335709
2941.876,37.10650066,37.10393752,37.00155706,37.85820338,37.48003606,39.0292315,37.60797937
2941.394,37.1218832,37.11419114,37.01093017,37.86517776,37.49212014,39.03821935,37.62183722
2940.912,37.11590035,37.10308318,36.99900117,37.85035874,37.48348825,39.02833283,37.61404155
2940.43,37.09112449,37.07234004,36.96749306,37.81551332,37.45501713,38.99958629,37.58806767
2939.948,37.04844633,37.0237155,36.91815595,37.76243581,37.4076133,38.95381524,37.54481771
2939.465,36.99133457,36.95898196,36.85360697,37.69380678,37.34478814,38.89376627,37.48521447
2938.983,36.92070625,36.87992252,36.77392619,37.61057733,37.26747768,38.82129335,37.41278171
2938.501,36.84003211,36.79001797,36.6825907,37.51543616,37.17834045,38.73825022,37.32931323
2938.019,36.7502248,36.69103815,36.58053055,37.41105883,37.08002344,38.64648502,37.23659832
2937.537,36.65303993,36.58642711,36.47035578,37.29924148,36.97345199,38.54783577,37.13812725
2937.055,36.551062,36.47707449,36.35465269,37.18176486,36.86124504,38.44412671,37.03565246
2936.573,36.44601084,36.36469924,36.2351447,37.06209799,36.74514792,38.33804828,36.9317596
2936.091,36.33958807,36.25350494,36.11519798,36.94111503,36.62857305,38.23050194,36.82731021
2935.608,36.2351447,36.14265066,35.99730601,36.82222268,36.51320874,38.12501296,36.7240018
2935.126,36.13349745,36.03545417,35.88310368,36.70540328,36.40239853,38.02156598,36.62519958
2934.644,36.0371137,35.93271228,35.77420571,36.5940098,36.29777465,37.9245119,36.53086872
2934.162,35.94760823,35.83686412,35.67303008,36.4896754,36.2009527,37.83380316,36.44433248
2933.68,35.86740858,35.7495023,35.58033231,36.39317954,36.11353486,37.75113384,36.36553658
2933.198,35.79727763,35.67056596,35.49686509,36.30696947,36.0371137,37.67731968,36.29610311
2932.716,35.73715699,35.60163964,35.42174889,36.23097322,35.97079199,37.6123094,36.23597906
2932.234,35.68864013,35.54266596,35.35655968,36.16512746,35.91451451,37.55778747,36.18678499
2931.752,35.65085912,35.49359586,35.30124319,36.11020883,35.86823446,37.51198102,36.14681197
2931.269,35.62460027,35.4535722,35.25575342,36.06533744,35.83108836,37.47572125,36.11686119
2930.787,35.60819831,35.42338016,35.22005258,36.03130567,35.80304794,37.44898058,36.09773896
2930.305,35.60245941,35.40136436,35.19411105,36.00725381,35.78409186,37.43173866,36.08693522
2929.823,35.60655853,35.38913928,35.17790729,35.99233314,35.77420571,37.42312067,36.0861043
2929.341,35.61885873,35.38587997,35.17061803,35.98653233,35.77255829,37.42312067,36.09358329
2928.859,35.63936849,35.39239889,35.17223774,35.98901828,35.78079617,37.43087677,36.10937737
2928.377,35.66728073,35.40707085,35.18276763,35.9997927,35.79810191,37.44639378,36.13266545
2927.895,35.7034349,35.43235349,35.20140517,36.01886305,35.82366376,37.46881861,36.16262934
2927.412,35.74785601,35.46581955,35.23059679,36.04790252,35.85832507,37.49989054,36.2009527
2926.93,35.80139918,35.50994503,35.26955661,36.0861043,35.90376561,37.53876668,36.24766204
2926.448,35.86410522,35.56313186,35.31913022,36.13516149,35.95837026,37.58806767,36.30362563
2925.966,35.93602196,35.62706122,35.38099156,36.1959517,36.02383958,37.64696758,36.36972355
2925.484,36.01886305,35.70179073,35.4535722,36.26853388,36.10023259,37.71724823,36.44685005
2925.002,36.1118718,35.78821189,35.5385742,36.35297853,36.18761823,37.79897298,36.53507473
2924.52,36.21429208,35.88558249,35.63362457,36.44768928,36.28524,37.89221563,36.63447735
2924.038,36.32703899,35.99399069,35.73962571,36.55442863,36.39401754,37.99531068,36.74345578
2923.556,36.44852853,36.11436641,35.85584815,36.67076753,36.51320874,38.10833725,36.86124504
2923.073,36.58053055,36.24599281,35.98238947,36.79764286,36.64207,38.23050194,36.98877938
2922.591,36.72061955,36.38731413,36.11852447,36.9351613,36.78070082,38.36100708,37.12444758
2922.109,36.86973363,36.53928123,36.26519358,37.08258492,36.92920854,38.50082183,37.2683358
2921.627,37.02627309,36.70033259,36.42168215,37.2400281,37.08685446,38.64826479,37.42053566
2921.145,37.19203998,36.86973363,36.58811201,37.40675197,37.25289257,38.8034196,37.58114433
2920.663,37.36543134,37.04674022,36.7646131,37.58287504,37.42742942,38.96547726,37.7502646
2920.181,37.54568222,37.22888248,36.94877123,37.76591401,37.60884534,39.13632123,37.92625843
2919.699,37.73201514,37.41795083,37.13983757,37.95508777,37.79723232,39.31244,38.10833725
2919.216,37.92276545,37.61057733,37.33704988,38.14960099,37.99181134,39.49480737,38.29481713
2918.734,38.11799072,37.80767752,37.53963106,38.34864294,38.19003004,39.68167538,38.48486788
2918.252,38.31598548,38.0075609,37.74591869,38.55049865,38.39193486,39.87218172,38.67764296
2917.77,38.51412184,38.21026063,37.95508777,38.75520157,38.59668451,40.06452517,38.87138366
2917.288,38.71417421,38.41492592,38.16541595,38.96188858,38.80163268,40.25872346,39.06699438
2916.806,38.91436965,38.62246604,38.37779335,39.1705798,39.00766911,40.45386306,39.26449354
2916.324,39.11560033,38.83202155,38.59135255,39.38129562,39.2147996,40.64994853,39.46389982
2915.842,39.31877693,39.04361305,38.80699369,39.59405664,39.42212222,40.84698445,39.66614545
2915.36,39.52300889,39.2563575,39.02383979,39.80705052,39.63054091,41.04497543,39.87034558
2914.877,39.72921646,39.47117001,39.24099402,40.02119019,39.84006149,41.2439261,40.07744253
2914.395,39.93558035,39.68441659,39.45844806,40.23555535,40.04976757,41.44288684,40.28561519
2913.913,40.14301614,39.89605923,39.67527997,40.44827454,40.25965046,41.64184852,40.49393673
2913.431,40.34967119,40.10513661,39.88962927,40.6593096,40.46876956,41.83983855,40.70146112
2912.949,40.5536548,40.31066846,40.1005196,40.86768149,40.67522837,42.0348982,40.90628125
2912.467,40.75397737,40.51165635,40.30881213,41.07333809,40.87897521,42.22697781,41.10739915
2911.985,40.95246049,40.70989667,40.51352202,41.27622774,41.07995886,42.41602829,41.30570129
2911.503,41.14717276,40.90533936,40.71552133,41.47534431,41.27812863,42.60200117,41.50018187
2911.021,41.33995504,41.09888124,40.91475925,41.67158314,41.47247939,42.78484865,41.69173801
2910.538,41.52885909,41.29143727,41.11213209,41.86489439,41.66486702,42.96551285,41.88032083
2910.056,41.71478408,41.48202988,41.30855468,42.05522879,41.85525575,43.14296612,42.06491348
2909.574,41.89864711,41.67062363,41.50209307,42.24253767,42.04264203,43.31716247,42.24642853
2909.092,42.0794447,41.8571833,41.69269801,42.42677296,42.22697781,43.48705523,42.42481918
2908.61,42.25713024,42.04070594,41.88032083,42.60788726,42.40821568,43.65560387,42.60003932
2908.128,42.43165781,42.22114434,42.06491348,42.78583382,42.58630891,43.82076954,42.77204352
2907.646,42.60396311,42.39845196,42.24642853,42.96155576,42.7612114,43.98453449,42.94177579
2907.164,42.77499821,42.57258292,42.42384233,43.13501963,42.93287777,44.14687837,43.11019626
2906.681,42.94375337,42.74447625,42.59905843,43.30718947,43.10126335,44.30982145,43.27828076
2906.199,43.11118892,42.91409912,42.77204352,43.47704312,43.26831672,44.47234191,43.44501985
2905.717,43.27628777,43.08141905,42.94375337,43.64655794,43.4340173,44.63340298,43.61139714
2905.235,43.43901811,43.24640389,43.1121816,43.81370704,43.5963369,44.79298451,43.77639556
2904.753,43.59834463,43.40802235,43.27828076,43.97845822,43.75724797,44.95003146,43.93797121
2904.271,43.75422543,43.56522888,43.44001835,44.13976331,43.91571925,45.10347465,44.09608165
2903.789,43.90661942,43.71797124,43.59934853,44.29655991,44.06969045,45.25118952,44.24864744
2903.307,44.05548635,43.8651885,43.75321796,44.44777238,44.22012847,45.39520692,44.39560718
2902.825,44.20078679,44.00884796,43.90257566,44.59436662,44.36597192,45.53444002,44.53690158
2902.342,44.34248216,44.1478949,44.04838602,44.73732371,44.50819683,45.66884204,44.67350215
2901.86,44.48155899,44.28432201,44.19061035,44.87660559,44.64573735,45.80047688,44.80639467
2901.378,44.61798981,44.41912508,44.32921085,45.01217514,44.78060946,45.9282608,44.93657831
2900.896,44.75174764,44.55228674,44.46415056,45.14711467,44.91175229,46.05428031,45.06402716
2900.414,44.88280595,44.68378978,44.59642032,45.27933084,45.04120492,46.1763924,45.19079692
2899.932,45.0101023,44.81361719,44.72599388,45.41088857,45.16895052,46.29563017,45.31583638
2899.45,45.13568106,44.94278695,44.85284548,45.53968267,45.29392952,46.41410709,45.43912921
2898.968,45.25744163,45.07025342,44.97694984,45.66779049,45.41820853,46.53074435,45.56170838
2898.485,45.37744092,45.19495934,45.10035912,45.7920409,45.54073127,46.64552656,45.68146256
2898.003,45.49671077,45.31896679,45.2220244,45.91451488,45.6625331,46.75951522,45.80047688
2897.521,45.61419344,45.44226814,45.3440179,46.03519637,45.78360647,46.87270315,45.91874395
2897.039,45.73197949,45.56275749,45.4652936,46.15406953,45.90288692,46.98508318,46.03519637
2896.557,45.84901395,45.68356631,45.585844,46.27324966,46.02141843,47.09556376,46.14981878
2896.075,45.96634793,45.80258612,45.70776649,46.39166931,46.13919362,47.20630413,46.26366132
2895.593,46.08185998,45.92191602,45.82790456,46.51039202,46.25514002,47.31621538,46.37778469
2895.111,46.19872606,46.03943656,45.94835841,46.62941855,46.37031007,47.42529052,46.49004858
2894.629,46.31482208,46.15725785,46.06806808,46.74874969,46.48469652,47.53461711,46.60258422
2894.146,46.43014073,46.27538067,46.18808964,46.86730704,46.59829216,47.64529278,46.71431662
2893.664,46.54574651,46.39166931,46.30735761,46.98508318,46.7121654,47.75512652,46.82631691
2893.182,46.65949134,46.50610845,46.42586455,47.10098615,46.82523871,47.86411133,46.93750493
2892.7,46.77351413,46.62082988,46.54467477,47.21608783,46.93750493,47.97334486,47.04787364
2892.218,46.88565634,46.7336821,46.66164014,47.32820135,47.04895697,48.08061344,47.15741602
2891.736,46.99590314,46.84572882,46.77782233,47.44058109,47.15958775,48.18701231,47.26503676
2891.254,47.10315528,46.95480054,46.89213428,47.54994293,47.26830183,48.29031074,47.36963082
2890.772,47.20847811,47.06304253,47.00347859,47.65736211,47.37508476,48.39160204,47.4722701
2890.289,47.30967885,47.16718959,47.11074802,47.76172459,47.47664266,48.48863963,47.57075016
2889.807,47.40563846,47.26830183,47.21282637,47.86080511,47.57403634,48.58139709,47.66504419
2889.325,47.49632416,47.36199635,47.30858952,47.95456988,47.66504419,48.66760785,47.75292737
2888.843,47.57951382,47.44932078,47.39690682,48.04077446,47.74742992,48.74611402,47.83436356
2888.361,47.65407017,47.52805041,47.47664266,48.11716153,47.8222494,48.8157538,47.907113
2887.879,47.71885342,47.59485412,47.54556362,48.18368378,47.88726128,48.87536346,47.96892656
2887.397,47.7727234,47.65077846,47.60362222,48.23918924,47.94242527,48.92377948,48.02086735
2886.915,47.81454198,47.69358847,47.64968127,48.28363965,47.9854973,48.9609685,48.0595832
2886.433,47.84207417,47.72324869,47.68150996,48.3147793,48.01644467,48.98690483,48.08614924
2885.95,47.85639717,47.73973457,47.69907971,48.3325824,48.03303183,49.00044228,48.09943777
2885.468,47.85529525,47.74303242,47.70237476,48.33592121,48.03524388,49.00157057,48.09722276
2884.986,47.83876947,47.73094139,47.69029403,48.32368003,48.02197308,48.98803281,48.08061344
2884.504,47.80573503,47.70347316,47.66284919,48.29587069,47.99102215,48.95984114,48.04630568
2884.022,47.75512652,47.65845948,47.61787383,48.25029801,47.94242527,48.91589454,47.99544249
2883.54,47.68590179,47.59485412,47.55651265,48.18701231,47.87513372,48.85398559,47.92697295
2883.058,47.59704599,47.51163764,47.47554949,48.10608341,47.78922636,48.7753057,47.83987101
2882.576,47.48976276,47.40782162,47.37617563,48.00538975,47.68480379,48.67657358,47.73423864
2882.094,47.36308691,47.28463054,47.25524292,47.88726128,47.56089297,48.56014781,47.61019936
2881.611,47.21717503,47.14004579,47.11508728,47.74852936,47.41764708,48.42504132,47.46789795
2881.129,47.05329054,46.97751068,46.95371937,47.59266234,47.25741915,48.27252321,47.30858952
2880.647,46.87162388,46.79721413,46.77459114,47.41873893,47.07930034,48.1038681,47.13244832
2880.165,46.67560974,46.60151117,46.57791028,47.22913592,46.88673594,47.92035205,46.94182824
2879.683,46.46757408,46.39273753,46.36817469,47.02621228,46.68098378,47.72544648,46.73906282
2879.201,46.24981501,46.17532916,46.14769355,46.81338011,46.46543422,47.52257886,46.52645891
2878.719,46.02671715,45.95047446,45.92085864,46.59292765,46.24236102,47.31403644,46.30735761
2878.237,45.80153149,45.72250331,45.69093023,46.36817469,46.01612033,47.10423988,46.08610447
2877.754,45.57744755,45.49671077,45.46110629,46.14556842,45.79098651,46.89645341,45.86590847
2877.272,45.35863744,45.2772457,45.23868788,45.92720328,45.57115123,46.69495917,45.65202012
2876.79,45.15127307,45.06921565,45.02565092,45.71934502,45.36177081,46.50289603,45.44959316
2876.308,44.95831232,44.87660559,44.82806572,45.52500477,45.16791047,46.32442101,45.26161019
2875.826,44.78576532,44.70437217,44.65190581,45.35132708,44.99455904,46.16363515,45.0941287
2875.344,44.63751406,44.55639034,44.49897424,45.2001629,44.84561663,46.02565736,44.95106648
2874.862,44.51742134,44.4354927,44.37414519,45.07751847,44.72599388,45.91345767,44.83425938
2874.38,44.42833112,44.34554534,44.28024346,44.98316407,44.63545847,45.82790456,44.7465957
2873.898,44.37210173,44.2853417,44.21707396,44.92106044,44.57794048,45.77306562,44.68893449
2873.415,44.34656644,44.25781815,44.18755788,44.89004079,44.55126089,45.74777748,44.66321688
2872.933,44.35371484,44.26087548,44.18857535,44.89004079,44.55536441,45.7519912,44.66835922
2872.451,44.38845203,44.29350011,44.22012847,44.92002611,44.59025952,45.78360647,44.7023135
2871.969,44.45186636,44.35269357,44.27922388,44.97694984,44.65087768,45.84162456,44.76411471
2871.487,44.53792709,44.43753908,44.36392884,45.05883927,44.73732371,45.92191602,44.84974726
2871.005,44.64470936,44.54305501,44.46926998,45.16167073,44.84251891,46.02247813,44.95520682
2870.523,44.76926867,44.66630221,44.59333981,45.28141608,44.96555933,46.13813123,45.07855643
2870.041,44.90658194,44.80226804,44.73011348,45.41402555,45.10035912,46.26685721,45.21369496
2869.558,45.05365198,44.94692653,44.87557228,45.5564632,45.24389648,46.40235262,45.35759303
2869.076,45.20536706,45.0972438,45.02565092,45.70250449,45.39207123,46.54360305,45.50509234
2868.594,45.35968187,45.24910567,45.17831197,45.85006968,45.54177989,46.68528345,45.65517376
2868.112,45.51347546,45.39938816,45.32940307,45.99705219,45.69093023,46.82631691,45.80364078
2867.63,45.66358453,45.54807216,45.47681071,46.13919362,45.83740259,46.96453211,45.94941642
2867.148,45.80996922,45.69198231,45.61944527,46.27857737,45.98116812,47.09881712,46.09034936
2866.666,45.95153252,45.83107035,45.75620531,46.4119697,46.12007448,47.22804844,46.22852109
2866.184,46.08822687,45.96528953,45.88809196,46.54038804,46.25407497,47.3510921,46.36176913
2865.702,46.22000626,46.09353327,46.01506078,46.66378904,46.38205644,47.47008398,46.49004858
2865.219,46.34682627,46.2178778,46.13706888,46.78320813,46.50610845,47.58280061,46.61546277
2864.737,46.46864405,46.33615575,46.25514002,46.89753325,46.62512402,47.69249029,46.73691046
2864.255,46.58756374,46.45152752,46.36817469,47.00780797,46.73906282,47.79913088,46.85435891
2863.773,46.70248612,46.56396992,46.47827487,47.11400243,46.85112244,47.90380381,46.9688579
2863.291,46.81445804,46.67238561,46.5843457,47.21826226,46.95912543,48.00760053,47.08038439
2862.809,46.92453741,46.77889944,46.68743344,47.31839442,47.06629364,48.11051435,47.19000246
2862.327,47.03379262,46.88241771,46.78859456,47.41655526,47.17153405,48.21253865,47.29769757
2861.845,47.14221671,46.98400132,46.88565634,47.51273165,47.27592119,48.31255437,47.4034554
2861.362,47.24980277,47.0836367,46.98075589,47.60691068,47.37835743,48.41277757,47.50835576
2860.88,47.3554535,47.18131054,47.07388044,47.69907971,47.47882909,48.50985763,47.61129564
2860.398,47.46024764,47.27700977,47.16393151,47.78922636,47.57732275,48.60377481,47.7133599
2859.916,47.56417847,47.37072156,47.25306678,47.8773385,47.67492297,48.69563125,47.81344102
2859.434,47.66614173,47.46352619,47.34128043,47.96450866,47.77052344,48.78316798,47.91262883
2858.952,47.76832357,47.55541763,47.42856666,48.05183753,47.86521346,48.86861154,48.00981141
2858.47,47.86962221,47.64858411,47.51491974,48.13821696,47.95898686,48.95195038,48.10719111
2857.988,47.97224025,47.74303242,47.60252612,48.22475168,48.05405045,49.03543135,48.20365839
2857.506,48.07397132,47.83987101,47.69139215,48.31366682,48.15041117,49.1201857,48.30254347
2857.023,48.17813675,47.94021749,47.78262449,48.40386043,48.24807605,49.20735257,48.4027459
2856.541,48.28475143,48.04188065,47.8773385,48.49645571,48.35039206,49.29921455,48.50538991
2856.059,48.39383061,48.14819381,47.97555417,48.59370356,48.45515643,49.39465996,48.61049013
2855.577,48.50762372,48.25696449,48.07729226,48.69563125,48.56462057,49.49484859,48.72030518
2855.095,48.62504318,48.37043577,48.18479326,48.80226738,48.67993616,49.59980853,48.83374151
2854.613,48.74723645,48.48863963,48.29809484,48.91702088,48.80002,49.71071389,48.95082324
2854.131,48.87536346,48.61272878,48.41723676,49.03768957,48.92603256,49.82760351,49.07383519
2853.649,49.00946933,48.74386923,48.54449639,49.16771211,49.05914782,49.94936828,49.20168769
2853.167,49.15073312,48.8821163,48.68105707,49.30489066,49.19828908,50.07719563,49.33441696
2852.684,49.2980794,49.02978626,48.82587107,49.45156041,49.34350553,50.21228671,49.47547814
2852.202,49.45269909,49.1858295,48.98239317,49.60666147,49.49712796,50.3546985,49.62379796
2851.72,49.61465777,49.35032306,49.14846969,49.77141639,49.65694531,50.5056541,49.77943924
2851.238,49.7840243,49.52448864,49.32419431,49.94361798,49.82530892,50.66522784,49.94476799
2850.756,49.95972049,49.70499106,49.50852641,50.12449383,49.9999995,50.83349849,50.11756935
2850.274,50.1418092,49.8941927,49.70155768,50.31297525,50.18339052,51.00937473,50.29907518
2849.792,50.33035573,50.08988101,49.90108631,50.50914302,50.37441318,51.19293155,50.48705055
2849.31,50.52310114,50.2898106,50.10718443,50.71074606,50.57314942,51.38069802,50.68156301
2848.827,50.72008819,50.49635147,50.31760946,50.91901572,50.77734627,51.57271559,50.88033944
2848.345,50.92136068,50.70724321,50.5324087,51.13285003,50.98941155,51.7690267,51.08342408
2847.863,51.12460905,50.92018818,50.74929342,51.34994704,51.20472051,51.96728165,51.28968124
2847.381,51.32985058,51.13638228,50.96828259,51.57152809,51.42449079,52.16869825,51.49914276
2846.899,51.53710272,51.35467676,51.19057408,51.79525792,51.64639352,52.37210139,51.71184107
2846.417,51.74757468,51.57509065,51.41265123,52.02115615,51.86925378,52.5762976,51.92661349
2845.935,51.96129904,51.79645056,51.63806977,52.24803961,52.0942752,52.78372068,52.14227791
2845.453,52.17590612,52.01876054,51.86447666,52.4747043,52.32027283,52.99318228,52.36124931
2844.971,52.39381231,52.24322761,52.0942752,52.70356585,52.54725089,53.20470016,52.58235102
2844.488,52.61262856,52.46987143,52.32629677,52.93342555,52.77521363,53.41706229,52.80438635
2844.006,52.8335752,52.69749848,52.56177224,53.16306362,53.00538582,53.63150695,53.02735926
2843.524,53.0554497,52.92733172,52.79830737,53.39615684,53.23656186,53.8468125,53.25372607
2843.042,53.27825597,53.15816734,53.03712816,53.63027205,53.46874616,54.06422726,53.48105921
2842.56,53.5019979,53.39123909,53.27825597,53.86541374,53.70194309,54.28126998,53.71059952
2842.078,53.72544236,53.62533275,53.51801538,54.10283216,53.93491517,54.50043893,53.94112501
2841.596,53.95106225,53.86169298,53.75885374,54.34129702,54.16765067,54.72049281,54.17263992
2841.114,54.17887714,54.09909499,54.00077591,54.5795562,54.40139045,54.94270028,54.40514849
2840.631,54.407654,54.33754339,54.24253776,54.81886002,54.6373969,55.16581009,54.6373969
2840.149,54.63865499,54.57704278,54.48538199,55.05667756,54.87316369,55.38855051,54.86937332
2839.667,54.87063675,54.81633558,54.72931343,55.2942536,55.1086789,55.61347081,55.10106588
2839.185,55.10106588,55.05414217,54.97053959,55.53029748,55.34393059,55.83544735,55.33118865
2838.703,55.33118865,55.28916104,55.21155768,55.76478087,55.57634732,56.05701911,55.55843451
2838.221,55.55843451,55.52134777,55.44852527,55.99638618,55.80717002,56.27428685,55.78276021
2837.739,55.78147578,55.74937463,55.68009916,56.22636402,56.03379024,56.48849446,56.00283337
2837.257,56.00025441,55.97318243,55.90749067,56.45338659,56.25485376,56.6982951,56.22118562
2836.775,56.2160077,56.19400684,56.12934833,56.67610549,56.47288827,56.90363369,56.4351911
2836.292,56.42739483,56.4105066,56.3468964,56.89315262,56.68654658,57.10445618,56.64479377
2835.81,56.63436038,56.6239289,56.55877571,57.10577107,56.89446265,57.30202898,56.85124764
2835.328,56.83815866,56.83292391,56.76622314,57.31258538,57.09919691,57.49498963,57.05188525
2834.846,57.03612341,57.03481012,56.9678724,57.51220253,57.29807084,57.6819588,57.2466398
2834.364,57.22818863,57.23214195,57.16365639,57.70321353,57.49101816,57.86420624,57.43544629
2833.882,57.41296819,57.42090063,57.35350979,57.88819392,57.67930251,58.04034697,57.61956828
2833.4,57.59171349,57.60364961,57.53736912,58.06708169,57.86287388,58.21300252,57.79629512
2832.918,57.76436453,57.77899719,57.71517276,58.23981678,58.04034697,58.37945012,57.96955947
2832.435,57.93353111,57.94954095,57.88952686,58.40903081,58.21434294,58.54098156,58.13932697
2831.953,58.09650411,58.11389709,58.05905998,58.57334144,58.38348297,58.69890503,58.30422138
2831.471,58.25591125,58.27469377,58.22372674,58.73405695,58.54906985,58.85183382,58.46689091
2830.989,58.41172071,58.43055346,58.38348297,58.89114524,58.70836694,58.99836821,58.62461451
2830.507,58.56255283,58.58143421,58.53828571,59.04185583,58.86267573,59.14118198,58.77599637
2830.025,58.70836694,58.72729533,58.68674196,59.18477488,59.00923711,59.27751649,58.92234193
2829.543,58.84776862,58.86809743,58.830156,59.32257581,59.1493532,59.40869328,59.06225169
2829.061,58.98206861,59.00380241,58.96713127,59.45522131,59.28434146,59.53604761,59.19567812
2828.579,59.1112305,59.13573513,59.10034281,59.58267538,59.41416528,59.65955368,59.32394178
2828.096,59.23521921,59.26386891,59.2297637,59.70627817,59.53878941,59.78056289,59.44837667
2827.614,59.35536774,59.38954527,59.35536774,59.8260046,59.6609274,59.89905903,59.57032918
2827.132,59.47302106,59.51000682,59.47849898,59.94459081,59.78056289,60.01364431,59.68703424
2826.65,59.58679135,59.62796666,59.59914096,60.0592632,59.89630064,60.12706431,59.80121393
2826.168,59.69803001,59.74065776,59.71590246,60.1727694,60.00949886,60.23653751,59.91285289
2825.686,59.80534499,59.85080554,59.82875975,60.28232582,60.11875802,60.34343105,60.01917203
2825.204,59.91009386,59.95701458,59.93768983,60.39069115,60.22682931,60.4477305,60.12291102
2824.722,60.01226247,60.06064613,60.04405305,60.49507229,60.33092722,60.54942175,60.22266913
2824.24,60.11183699,60.16168619,60.14645011,60.59684318,60.43242198,60.64709459,60.31981488
2823.757,60.20880395,60.26012109,60.24486007,60.69738766,60.53129984,60.74352629,60.41433508
2823.275,60.30453875,60.35454775,60.3406522,60.79389933,60.62615144,60.83590878,60.50761014
2822.793,60.39764429,60.44633866,60.4338135,60.88635843,60.71835542,60.92562597,60.59963383
2822.311,60.48810793,60.53687524,60.52433132,60.97755407,60.80789926,61.01266568,60.68900259
2821.829,60.57591739,60.62335957,60.61219336,61.06607405,60.89477077,61.09701605,60.77710368
2821.347,60.66245749,60.70996745,60.69878529,61.15190631,60.98036226,61.17866558,60.8639312
2820.865,60.74632369,60.79529918,60.78270171,61.23644918,61.06466797,61.25901368,60.94947934
2820.383,60.83030584,60.88075085,60.86673415,61.32110893,61.14909023,61.33946729,61.03374235
2819.9,60.91159895,60.96632263,60.94947934,61.40447181,61.23221926,61.41861234,61.11671457
2819.418,60.99300069,61.05060893,61.03093171,61.48794802,61.31404948,61.49644348,61.19839043
2818.936,61.07310494,61.13360408,61.11108577,61.57012,61.39316173,61.57295547,61.27735345
2818.454,61.15049825,61.21530251,61.18993615,61.6509822,61.47096062,61.6453042,61.35500559
2817.972,61.22939948,61.29287601,61.26606679,61.72910781,61.5474409,61.71631685,61.4313416
2817.49,61.30557921,61.37054782,61.34229214,61.80590927,61.62117851,61.78456595,61.50635634
2817.008,61.38185373,61.44548832,61.41719814,61.87995654,61.6935839,61.85146633,61.58004473
2816.526,61.4596383,61.52052033,61.49077971,61.95266599,61.76607437,61.91843914,61.65524105
2816.044,61.53610449,61.59564396,61.56586703,62.02403271,61.83865001,61.98548448,61.73052919
2815.561,61.61124715,61.66943932,61.64104604,62.0926221,61.91273651,62.05260241,61.80448615
2815.079,61.68648157,61.7433231,61.71489579,62.16128734,61.98548448,62.1212234,61.87995654
2814.597,61.75896369,61.81587201,61.7874113,62.22859563,62.05831793,62.18848831,61.95266599
2814.115,61.8286836,61.88708114,61.85716332,62.29454241,62.12980635,62.25582605,62.02260457
2813.633,61.89848221,61.95694568,61.92699408,62.36055906,62.20137713,62.32323671,62.0926221
2813.151,61.96550594,62.02403271,61.99404868,62.42520827,62.27016264,62.38928378,62.15842478
2812.669,62.0311739,62.08833304,62.06117589,62.49280234,62.33902421,62.45540084,62.22429718
2812.187,62.09691146,62.15270004,62.12694524,62.5590291,62.40652496,62.52014837,62.28880513
2811.704,62.16128734,62.21570117,62.19135226,62.62676807,62.47266029,62.58496303,62.35337995
2811.222,62.22429718,62.27876617,62.25582605,62.69458039,62.53742571,62.64695981,62.41658451
2810.74,62.28737089,62.34045964,62.31893172,62.76102099,62.60081683,62.70901801,62.47985313
2810.258,62.34907288,62.40365109,62.38210136,62.82608535,62.6642722,62.77113768,62.54318589
2809.776,62.41083599,62.46690661,62.44389719,62.88832099,62.72779189,62.83042538,62.60658284
2809.294,62.47122182,62.53022624,62.50575423,62.95061829,62.78993016,62.88976907,62.66860104
2808.812,62.53166607,62.5921688,62.56767255,63.0100755,62.85068278,62.94916881,62.73068068
2808.33,62.59072758,62.65273007,62.62821012,63.06813666,62.91149418,63.00717385,62.79137597
2807.848,62.64840233,62.71190593,62.68736282,63.12334431,62.9694645,63.06378022,62.8492356
2807.365,62.70613022,62.76969234,62.74657139,63.1786003,63.02603699,63.11753071,62.90714855
2806.883,62.76102099,62.82463875,62.80438974,63.23244865,63.07975531,63.16987245,62.96076554
2806.401,62.81451343,62.87818541,62.86081393,63.28488569,63.13351941,63.21934618,63.01442823
2805.919,62.86660389,62.93032867,62.91728881,63.33736622,63.18587442,63.26740185,63.06813666
2805.437,62.91873755,62.98251518,62.97236441,63.39134989,63.23681674,63.31403617,63.12043744
2804.955,62.97091444,63.03329355,63.02603699,63.44391871,63.28925741,63.36216382,63.1727816
2804.473,63.0231346,63.08556544,63.08120779,63.4979932,63.34028308,63.40886799,63.22516916
2803.991,63.07539806,63.13497313,63.13497313,63.55065045,63.39280955,63.45706772,63.27760017
2803.508,63.12770487,63.18587442,63.18732934,63.60481591,63.44537958,63.50384185,63.33007466
2803.026,63.1786003,63.23536068,63.23827284,63.65756175,63.49653112,63.55211378,63.38113324
2802.544,63.23099268,63.28488569,63.28925741,63.70888436,63.5477239,63.6004224,63.43077242
2802.062,63.28051428,63.33444949,63.33882463,63.76024835,63.6004224,63.64730219,63.48045048
2801.58,63.33007466,63.38405212,63.38843068,63.81165375,63.65023332,63.69568317,63.52724184
2801.098,63.3782145,63.43515421,63.43661488,63.86015966,63.70155003,63.74263318,63.57406769
2800.616,63.4249305,63.48629751,63.48337393,63.90870244,63.75144016,63.78961779,63.62092806
2800.134,63.47021946,63.53601906,63.53016745,63.95433684,63.79990029,63.83516716,63.66782296
2799.652,63.51554077,63.58431545,63.57406769,63.9985302,63.84692712,63.87927817,63.71328537
2799.169,63.55943091,63.63118337,63.61799827,64.04127947,63.89104625,63.92341966,63.76024835
2798.687,63.60188687,63.67515342,63.66049336,64.08258172,63.93519587,63.96611875,63.80577675
2798.205,63.64583667,63.71768668,63.70301683,64.12243412,63.97790283,64.00884637,63.85133766
2797.723,63.68835035,63.76024835,63.7455687,64.16378871,64.02063832,64.05160253,63.8969311
2797.241,63.73089243,63.80283845,63.78961779,64.20664836,64.06340236,64.09438725,63.9425571
2796.759,63.77346293,63.84545701,63.83222751,64.25101607,64.10767108,64.13720055,63.98674232
2796.277,63.81606186,63.88663297,63.8748657,64.29541443,64.15197039,64.17856467,64.03095806
2795.795,63.85721886,63.92930749,63.91753236,64.33836201,64.19630031,64.21995546,64.07225366
2795.313,63.89987373,63.96906457,63.95728212,64.38133828,64.23918168,64.26137294,64.11209963
2794.83,63.94108479,64.00884637,63.99705659,64.42285984,64.28061157,64.30133653,64.15197039
2794.348,63.98084919,64.05012771,64.0368558,64.46292386,64.32058712,64.34132497,64.19038788
2793.866,64.02211247,64.08995992,64.07667976,64.50152757,64.36058753,64.37985586,64.23030732
2793.384,64.06192726,64.13129357,64.11652849,64.54015439,64.40061282,64.41840982,64.26877173
2792.902,64.10029084,64.17265387,64.156402,64.57731739,64.43917921,64.45698688,64.30873992
2792.42,64.13867738,64.21404085,64.19482215,64.61450178,64.47479946,64.49558703,64.3472513
2791.938,64.1756092,64.25249552,64.23326531,64.64873034,64.51192482,64.53123846,64.38430322
2791.456,64.21108375,64.29097321,64.26877173,64.68297702,64.54609904,64.5654229,64.41840982
2790.973,64.24657792,64.32651154,64.30281714,64.71724185,64.57880435,64.59962546,64.4525345
2790.491,64.2820917,64.36058753,64.33539919,64.75003388,64.613014,64.6323579,64.48519241
2790.009,64.31762511,64.39468158,64.36947989,64.78433423,64.64724176,64.66510692,64.51786686
2789.527,64.35614181,64.42879368,64.40506161,64.81865275,64.68297702,64.69787254,64.55055788
2789.045,64.39319885,64.46440819,64.440663,64.85448276,64.72022225,64.73214526,64.58326545
2788.563,64.4317608,64.50004238,64.4777687,64.89033257,64.75898005,64.76494484,64.61747746
2788.081,64.46737695,64.53718228,64.51489578,64.92620221,64.79626904,64.79925309,64.65170759
2787.599,64.50301279,64.5728567,64.55055788,64.96209167,64.83208668,64.83059388,64.68595585
2787.117,64.53718228,64.60706319,64.58623969,64.99650435,64.8664305,64.86194984,64.72022225
2786.634,64.56988308,64.6412878,64.62045327,65.03093526,64.89929812,64.89332095,64.75450681
2786.152,64.604088,64.67553055,64.65319627,65.06388625,64.93068731,64.92321231,64.78880953
2785.67,64.6368227,64.70979143,64.68744532,65.09835285,64.96209167,64.95461306,64.82313042
2785.188,64.6725522,64.74407046,64.72022225,65.13283772,64.99500777,64.98752537,64.85746949
2784.706,64.7068115,64.77687609,64.7530158,65.16584033,65.02644324,65.02045436,64.89033257
2784.224,64.74108895,64.80820606,64.78582596,65.19885967,65.05939195,65.05489796,64.92321231
2783.742,64.77389307,64.83955118,64.81865275,65.23189574,65.09235735,65.0893598,64.95461306
2783.26,64.8052216,64.86941777,64.85000292,65.26344579,65.12533945,65.12234039,64.986029
2782.777,64.83656528,64.9007925,64.88136826,65.29651458,65.15833827,65.15533769,65.01895723
2782.295,64.8664305,64.93068731,64.91424346,65.32960014,65.19285491,65.18835171,65.05190214
2781.813,64.89780378,64.96358749,64.94713532,65.36270245,65.22889177,65.22138245,65.08786108
2781.331,64.92769721,64.99650435,64.98004384,65.39732735,65.26344579,65.25442993,65.12383991
2780.849,64.9576044,65.02943789,65.01446603,65.43046398,65.29801811,65.28599088,65.15983862
2780.367,64.98752537,65.06388625,65.04740867,65.46512478,65.33260874,65.31756709,65.19585722
2779.885,65.01596306,65.09685393,65.07886948,65.49678763,65.36571258,65.34765387,65.22738984
2779.403,65.04291551,65.12983831,65.11034552,65.52846579,65.39582154,65.37624914,65.25743508
2778.921,65.06987913,65.16133899,65.14033684,65.55864971,65.42594436,65.40335094,65.28599088
2778.438,65.09835285,65.19135381,65.17034199,65.58733732,65.4545739,65.43046398,65.31305526
2777.956,65.12533945,65.22138245,65.20036095,65.61603748,65.48321596,65.45758826,65.34013087
2777.474,65.15383745,65.24992247,65.22889177,65.6447502,65.51036211,65.48321596,65.3672177
2776.992,65.18234791,65.27697191,65.25743508,65.67347548,65.53902858,65.51036211,65.39431576
2776.51,65.20936934,65.30403256,65.28448763,65.7007005,65.56619787,65.53450146,65.42142506
2776.028,65.2379041,65.32960014,65.31155139,65.7279368,65.59337841,65.56015928,65.44854559
2775.546,65.26494855,65.35517772,65.33862638,65.75367035,65.61905928,65.58582713,65.47567736
2775.064,65.29200422,65.38227079,65.3642075,65.77789936,65.64626174,65.61150504,65.50131214
2774.581,65.32057514,65.40937509,65.39281002,65.80365246,65.67347548,65.63870437,65.52695696
2774.099,65.35066331,65.43649063,65.41991869,65.83093145,65.70221333,65.667427,65.5556307
2773.617,65.38227079,65.46663219,65.44854559,65.85822174,65.72945026,65.69616221,65.58280686
2773.135,65.41238738,65.49527953,65.47718501,65.88552335,65.75669848,65.72642338,65.61150504
2772.653,65.44402472,65.52544816,65.50583697,65.91283627,65.783958,65.7551844,65.64172721
2772.171,65.47416975,65.55412124,65.53299249,65.94016052,65.80971348,65.783958,65.67045117
2771.689,65.50282038,65.58129678,65.56015928,65.96597715,65.83547904,65.80971348,65.69767494
2771.207,65.52997466,65.6099943,65.58582713,65.99180389,65.8597382,65.83547904,65.72490999
2770.725,65.55714019,65.637193,65.61301582,66.01612065,65.88704043,65.86125469,65.75215633
2770.242,65.58280686,65.66440298,65.64172721,66.04196702,65.91435399,65.88552335,65.77941397
2769.76,65.60848359,65.69313686,65.66893907,66.06630227,65.94319724,65.91131859,65.80516766
2769.278,65.63417036,65.72037003,65.69767494,66.09216829,65.97053408,65.93408748,65.83093145
2768.796,65.65835534,65.74761449,65.72490999,66.11804443,65.99940192,65.95838297,65.85518893
2768.314,65.68254923,65.77335574,65.75064235,66.14240771,66.02676205,65.98116813,65.87793843
2767.832,65.70372619,65.79910706,65.77335574,66.16677996,66.05109169,66.00396115,65.90069579
2767.35,65.72490999,65.8218372,65.797592,66.19116119,66.07543029,66.02676205,65.92194309
2766.868,65.74610061,65.84457518,65.82032161,66.21555141,66.09977787,66.04804999,65.94471566
2766.386,65.76729807,65.86580438,65.84305907,66.2384254,66.12261186,66.07238748,65.96597715
2765.903,65.78850236,65.88855756,65.86732102,66.26283304,66.14545375,66.09521201,65.98876493
2765.421,65.81122882,65.91131859,65.89310913,66.28572336,66.16830352,66.11956687,66.01308056
2764.939,65.83547904,65.93408748,65.91890735,66.31014842,66.19116119,66.14240771,66.03588461
2764.457,65.8597382,65.95838297,65.94471566,66.33458248,66.21402676,66.16677996,66.06021761
2763.975,65.88400629,65.98116813,65.97053408,66.3574976,66.23690022,66.18811305,66.08303795
2763.493,65.90828333,66.00548097,65.99332343,66.38042062,66.25978159,66.21097756,66.10586616
2763.011,65.93256931,66.03132317,66.01612065,66.40488058,66.28114466,66.2323249,66.12717961
2762.529,65.95838297,66.0571755,66.03892575,66.42629043,66.30404131,66.25367912,66.15002307
2762.046,65.98268742,66.08151634,66.06021761,66.44770719,66.32694587,66.27656628,66.17135076
2761.564,66.00700082,66.10586616,66.07999478,66.46760036,66.34985835,66.29946135,66.19268532
2761.082,66.02980276,66.12870226,66.09977787,66.48749949,66.36972222,66.32083722,66.21402676
2760.6,66.05261259,66.15002307,66.11956687,66.5058732,66.38959205,66.34221998,66.23384997
2760.118,66.07238748,66.16830352,66.13783891,66.52425199,66.40946782,66.36360963,66.25367912
2759.636,66.09369013,66.18811305,66.156116,66.54263586,66.42934955,66.38500618,66.27504023
2759.154,66.11347732,66.2079285,66.17592187,66.56255746,66.45076729,66.40488058,66.29793477
2758.672,66.13327043,66.22927486,66.19725791,66.58401815,66.47219194,66.42629043,66.32083722
2758.19,66.15459271,66.2506281,66.22012558,66.60701943,66.49515459,66.44464723,66.34374758
2757.707,66.17592187,66.2735142,66.24300115,66.62849445,66.51812517,66.46453949,66.36819402
2757.225,66.19725791,66.2948817,66.26588462,66.6499764,66.54110368,66.48290686,66.38959205
2756.743,66.21555141,66.31625609,66.28724966,66.66993013,66.56255746,66.49821687,66.41099697
2756.261,66.23384997,66.33610991,66.30556804,66.68835426,66.58095191,66.51353042,66.42934955
2755.779,66.24910264,66.35291394,66.32389148,66.70678348,66.59781796,66.52884749,66.44617719
2755.297,66.26435881,66.36819402,66.33916487,66.7236814,66.61315444,66.54110368,66.4630091
2754.815,66.2796185,66.38347762,66.35444179,66.74058361,66.62696029,66.55336213,66.47678384
2754.333,66.2948817,66.39570704,66.36819402,66.7574901,66.64076901,66.56715559,66.49056142
2753.85,66.31014842,66.40946782,66.3819491,66.77286335,66.65304582,66.57941885,66.50434187
2753.368,66.32389148,66.42170203,66.39417824,66.78824014,66.6653249,66.59168436,66.51812517
2752.886,66.33763738,66.43393848,66.40640962,66.80362047,66.67760623,66.60395213,66.53191132
2752.404,66.35138613,66.44617719,66.42017263,66.81746579,66.68988983,66.61622216,66.54416808
2751.922,66.36360963,66.45994844,66.4324088,66.82977516,66.7021757,66.63002865,66.55795964
2751.44,66.37583538,66.47372254,66.44617719,66.84362591,66.716,66.643838,66.57175405
2750.958,66.38959205,66.48903044,66.46147875,66.85594009,66.72982717,66.65765021,66.58555132
2750.476,66.40182259,66.50434187,66.47678384,66.86979626,66.74519404,66.67146528,66.60088498
2749.994,66.41558464,66.51812517,66.4936235,66.8836553,66.76056446,66.68681872,66.61468828
2749.511,66.43087916,66.53191132,66.50893598,66.89597686,66.77747601,66.70063984,66.62849445
2749.029,66.44617719,66.54263586,66.52425199,66.90830069,66.79285386,66.71446382,66.64076901
2748.547,66.46147875,66.55336213,66.53803942,66.92062679,66.80823526,66.72829067,66.65304582
2748.065,66.47678384,66.56409013,66.55029731,66.93295516,66.82362019,66.74058361,66.66378989
2747.583,66.49056142,66.57481986,66.56102481,66.9452858,66.83900867,66.75441587,66.67607094
2747.101,66.5058732,66.58555132,66.5702212,66.95761872,66.85286133,66.768251,66.68988983
2746.619,66.51812517,66.59781796,66.58095191,66.97149596,66.86825655,66.782089,66.7021757
2746.137,66.53037939,66.61008686,66.59015105,66.98537608,66.88057527,66.79592986,66.71446382
2745.654,66.53957153,66.62235802,66.60088498,66.99925908,66.89443654,66.80823526,66.72675421
2745.172,66.54876495,66.63463145,66.61315444,67.01314495,66.90521952,66.82054292,66.73751016
2744.69,66.5564271,66.64844175,66.62542617,67.0270337,66.91600424,66.83285286,66.74673093
2744.208,66.56409013,66.66225491,66.63923456,67.03938167,66.92833176,66.84516506,66.7574901
2743.726,66.57328694,66.67760623,66.65458058,67.05173192,66.9391202,66.85747952,66.76671362
2743.244,66.58248501,66.69296109,66.66993013,67.06408444,66.95145198,66.86979626,66.77747601
2742.762,66.59628451,66.70985551,66.68681872,67.07643924,66.96378603,66.88211527,66.78977801
2742.28,66.61008686,66.72521779,66.70063984,67.08879632,66.97612235,66.89443654,66.80054412
2741.798,66.62389208,66.73904687,66.71446382,67.10115567,66.98691849,66.90521952,66.81285037
2741.315,66.63923456,66.75134179,66.72829067,67.11197197,66.99771638,66.91446346,66.82515888
2740.833,66.65458058,66.76363897,66.73904687,67.12279001,67.00697309,66.92524967,66.83593069
2740.351,66.66839502,66.77440087,66.75134179,67.1336098,67.01623109,66.93449637,66.84824346
2739.869,66.68221232,66.7851645,66.76363897,67.14597741,67.0270337,66.9452858,66.8605585
2739.387,66.69603248,66.79746791,66.77593842,67.15989369,67.03783805,66.95761872,66.87441562
2738.905,66.70985551,66.80977359,66.78977801,67.17535961,67.05018802,66.97149596,66.8898158
2738.423,66.72521779,66.82362019,66.80208228,67.19082909,67.06562867,66.98537608,66.90676009
2737.941,66.73904687,66.83900867,66.81438881,67.20630213,67.08107288,66.99925908,66.92370867
2737.459,66.75287881,66.8544007,66.82669761,67.22023091,67.09806562,67.014688,66.94066155
2736.976,66.76671362,66.86979626,66.83593069,67.23416258,67.11506266,67.02857707,66.95607698
2736.494,66.782089,66.88519537,66.84824346,67.24654871,67.1336098,67.04401275,66.97303805
2736.012,66.79746791,66.90059803,66.85901899,67.26048584,67.15216207,67.05945198,66.98846094
2735.53,66.81438881,66.91600424,66.8728758,67.27597492,67.16917281,67.07643924,67.00543022
2735.048,66.83131399,66.93295516,66.8898158,67.29301703,67.18773491,67.09343081,67.0224038
2734.566,66.84978272,66.95145198,66.90830069,67.31316327,67.20630213,67.11197197,67.04092533
2734.084,66.86979626,66.9699539,66.92679069,67.33331555,67.22487448,67.13051826,67.05945198
2733.602,66.8898158,66.98846094,66.94682729,67.35502474,67.24500032,67.14906967,67.07798375
2733.119,66.90984133,67.00851601,66.96686989,67.37674094,67.26358337,67.1676262,67.09961063
2732.637,66.92987286,67.03012048,66.98846094,67.39846413,67.28527008,67.18618787,67.11969897
2732.155,66.94991038,67.05173192,67.00851601,67.42174676,67.3085136,67.20630213,67.14133929
2731.673,66.97149596,67.07643924,67.03166392,67.44348446,67.33176516,67.22642241,67.16298659
2731.191,66.9930885,67.10115567,67.05327586,67.46678264,67.35502474,67.24809714,67.18618787
2730.709,67.01314495,67.12742685,67.07798375,67.48853487,67.37984382,67.26977886,67.20784963
2730.227,67.03475092,67.15061585,67.10115567,67.51029411,67.40156802,67.29301703,67.22951837
2729.745,67.05636385,67.17381285,67.12742685,67.52895047,67.42174676,67.31626323,67.2511941
2729.263,67.07643924,67.19701787,67.15216207,67.54916735,67.44193154,67.33796693,67.27132782
2728.78,67.09806562,67.21713538,67.17690639,67.56627866,67.46056901,67.36122865,67.29146757
2728.298,67.12124447,67.2372589,67.20165984,67.58495049,67.47921163,67.38449842,67.31161335
2727.816,67.14443133,67.25893713,67.22642241,67.60518413,67.4978594,67.40932836,67.33176516
2727.334,67.1676262,67.28062234,67.2511941,67.62698098,67.51962165,67.43261474,67.35347385
2726.852,67.19082909,67.30231455,67.27442585,67.65034255,67.53983573,67.45590916,67.37363819
2726.37,67.21403998,67.32556396,67.29611606,67.67527045,67.56316719,67.47765788,67.39536039
2725.888,67.2372589,67.3488214,67.31936333,67.70176641,67.58495049,67.49941361,67.41864194
2725.406,67.25893713,67.37208688,67.34106803,67.72827274,67.60829754,67.52117636,67.44037865
2724.923,67.28217155,67.39691224,67.36277972,67.75634957,67.63009539,67.54294612,67.46522918
2724.441,67.305414,67.42174676,67.38760166,67.78287727,67.65501583,67.56627866,67.4916429
2723.959,67.32866449,67.44659042,67.41243274,67.80785401,67.67838708,67.58961926,67.51806697
2723.477,67.35347385,67.47299685,67.43882579,67.83283995,67.70332531,67.61452478,67.54605666
2722.995,67.37829236,67.49941361,67.46522918,67.8547102,67.72827274,67.63788204,67.57405796
2722.513,67.40156802,67.5242859,67.4916429,67.8750246,67.75322935,67.65968944,67.60051429
2722.031,67.42485172,67.54916735,67.51651232,67.89534508,67.77663453,67.67994545,67.62542383
2721.549,67.44814346,67.57094613,67.53983573,67.91410785,67.80004779,67.70020753,67.64878486
2721.067,67.46988967,67.59428834,67.56316719,67.93444004,67.82190747,67.72047568,67.67059577
2720.584,67.49319697,67.61763862,67.58495049,67.95477831,67.84533637,67.74074989,67.69241371
2720.102,67.51651232,67.64099695,67.60829754,67.97668787,67.86877337,67.76103018,67.71579788
2719.62,67.53828058,67.66280535,67.63009539,67.9986045,67.89378175,67.78287727,67.73763039
2719.138,67.56161151,67.68617929,67.65345803,68.02209444,67.91567165,67.80473142,67.75946994
2718.656,67.58339431,67.70800226,67.67371219,68.04402571,67.93913294,67.8265926,67.77975583
2718.174,67.60362748,67.72827274,67.6939724,68.06439679,67.95947262,67.84689859,67.80004779
2717.692,67.62386672,67.74854928,67.71423868,68.08477397,67.9813837,67.86721065,67.82034583
2717.21,67.64411201,67.76727149,67.73451103,68.10515725,68.00173602,67.88752879,67.84064994
2716.727,67.66592141,67.78755971,67.75478944,68.12554663,68.02522705,67.90785302,67.86096014
2716.245,67.68929643,67.80941536,67.77663453,68.14751125,68.04872619,67.92818333,67.88283945
2715.763,67.71267952,67.83283995,67.80004779,68.16791331,68.07536836,67.95008432,67.9062894
2715.281,67.73607069,67.85627263,67.82346914,68.18989159,68.10045287,67.97199237,67.92818333
2714.799,67.76103018,67.8797134,67.84689859,68.21187696,68.123978,67.99547312,67.95164895
2714.317,67.78443805,67.90159876,67.87033612,68.23386941,68.14751125,68.01739581,67.9735575
2713.835,67.80629269,67.92349118,67.8906552,68.25429733,68.16948295,68.03932556,67.99547312
2713.353,67.82815438,67.94382618,67.91098036,68.27630346,68.18989159,68.06126238,68.01739581
2712.871,67.85002312,67.96260234,67.93131161,68.29831669,68.21030634,68.08163862,68.03932556
2712.388,67.87189891,67.98294905,67.95164895,68.32033701,68.2307272,68.10358909,68.05969523
2711.906,67.89378175,68.00330184,67.97199237,68.3439381,68.25115418,68.123978,68.080071
2711.424,67.91410785,68.02209444,67.99077632,68.36597313,68.27158726,68.14280395,68.10045287
2710.942,67.93444004,68.04089224,68.01113146,68.38801527,68.29045401,68.1616351,68.11927232
2710.46,67.95321361,68.05812812,68.02992623,68.40691419,68.30932596,68.17890156,68.13652805
2709.978,67.97042728,68.07536836,68.04872619,68.42581833,68.32820314,68.19460214,68.15221887
2709.496,67.9876453,68.09418088,68.06753134,68.44315171,68.34551179,68.21187696,68.16948295
2709.014,68.00486769,68.11456697,68.0863417,68.45891315,68.36439897,68.2307272,68.1867514
2708.532,68.02366073,68.13495917,68.10829368,68.47625491,68.38486596,68.25115418,68.2055947
2708.049,68.04402571,68.15849622,68.13025274,68.49517822,68.40533908,68.27315929,68.22758513
2707.567,68.06596405,68.18204139,68.15378816,68.51568436,68.42739391,68.29674408,68.24958265
2707.085,68.0863417,68.2055947,68.17733171,68.53619665,68.44787976,68.32033701,68.27315929
2706.603,68.10672544,68.22758513,68.20088339,68.55671507,68.46837175,68.34079082,68.29359897
2706.121,68.12554663,68.24801117,68.2228723,68.57566061,68.48571591,68.35967668,68.31404477
2705.639,68.14437301,68.26529951,68.24172558,68.59461139,68.50148715,68.37699331,68.33134984
2705.157,68.16006564,68.28259223,68.26058407,68.61198753,68.51568436,68.39116473,68.34865929
2704.675,68.17576188,68.29988933,68.2778756,68.62778784,68.52830658,68.40533908,68.36439897
2704.192,68.19146174,68.31561778,68.29359897,68.64201123,68.54250936,68.41794097,68.38014226
2703.71,68.20716521,68.33134984,68.3077531,68.65623757,68.55513652,68.43212087,68.39431433
2703.228,68.22130143,68.34708553,68.32191017,68.66888569,68.56934485,68.44472769,68.41006452
2702.746,68.23544058,68.36282484,68.33449669,68.6831176,68.58355613,68.45891315,68.42424278
2702.264,68.24958265,68.37699331,68.34708553,68.69735246,68.59777036,68.47310154,68.44157577
2701.782,68.26529951,68.39273951,68.35967668,68.71317243,68.6151473,68.48729287,68.45733684
2701.3,68.28101998,68.40848933,68.37227016,68.7305786,68.63410899,68.50306447,68.47625491
2700.818,68.29831669,68.42581833,68.38801527,68.75115522,68.65465672,68.52041742,68.49517822
2700.336,68.3187639,68.44630371,68.40533908,68.771738,68.67679194,68.53777477,68.51568436
2699.853,68.33764368,68.46679522,68.42266728,68.79391097,68.69893429,68.55513652,68.53619665
2699.371,68.35810266,68.48886987,68.43999986,68.81609108,68.72108378,68.57250266,68.55671507
2698.889,68.37699331,68.50937413,68.45733684,68.8366933,68.74007474,68.58829388,68.57566061
2698.407,68.39588919,68.52830658,68.47467821,68.85730169,68.75748773,68.60408874,68.59303195
2697.925,68.41163973,68.54724427,68.49202397,68.87474437,68.77332155,68.61988723,68.6088279
2697.443,68.42896953,68.56302967,68.51095163,68.8906052,68.78757511,68.63726978,68.62620765
2696.961,68.44472769,68.58039781,68.52988452,68.90805632,68.80341585,68.65465672,68.64201123
2696.479,68.46206587,68.59619085,68.54882265,68.92392481,68.81926025,68.67204808,68.65939938
2695.996,68.47783166,68.61198753,68.56934485,68.93979696,68.8366933,68.68944384,68.67679194
2695.514,68.49360108,68.62936807,68.5898732,68.95567276,68.85413077,68.706844,68.6941889
2695.032,68.51095163,68.64517239,68.60724814,68.97155222,68.87157265,68.72424857,68.71000814
2694.55,68.52672868,68.66256134,68.62620765,68.98743534,68.88743274,68.74165756,68.72583103
2694.068,68.54408762,68.6783733,68.64359179,69.00332211,68.90488306,68.75907095,68.74165756
2693.586,68.5598723,68.69577066,68.65939938,69.01921254,68.9223378,68.77807241,68.75907095
2693.104,68.57881871,68.71317243,68.67679194,69.03669624,68.93979696,68.79707912,68.77648875
2692.622,68.59619085,68.7305786,68.6941889,69.05259436,68.95726054,68.81609108,68.79549502
2692.14,68.6151473,68.74798919,68.71159027,69.06849614,68.97631677,68.83510829,68.81450655
2691.657,68.63252864,68.76540418,68.72899604,69.08440158,68.99537827,68.85413077,68.83510829
2691.175,68.64991439,68.78440739,68.74640623,69.10031068,69.01444503,68.87157265,68.85730169
2690.693,68.66730454,68.80341585,68.76223749,69.11781492,69.03351706,68.88901895,68.87791625
2690.211,68.6831176,68.82401428,68.77807241,69.1353236,69.05259436,68.90646967,68.89853698
2689.729,68.69893429,68.84303369,68.79549502,69.15442904,69.07167693,68.92551186,68.91916388
2689.247,68.71475462,68.86522963,68.81292205,69.17353975,69.09076478,68.94297183,68.93820958
2688.765,68.7305786,68.88584657,68.83193839,69.19265575,69.1098579,68.96043622,68.95567276
2688.283,68.74798919,68.90646967,68.85095999,69.21337071,69.12736456,68.97631677,68.97155222
2687.8,68.76382082,68.92709895,68.87157265,69.23249771,69.14487566,68.99220098,68.98743534
2687.318,68.7796561,68.94455932,68.8906052,69.25003544,69.1623912,69.0064999,69.00014446
2686.836,68.79549502,68.96202411,68.909643,69.26598269,69.17991117,69.02080179,69.01126687
2686.354,68.81292205,68.97790503,68.92709895,69.2819336,69.19584226,69.03510663,69.02398038
2685.872,68.8303535,68.99537827,68.94455932,69.29629257,69.21177703,69.04941444,69.03669624
2685.39,68.84778936,69.01126687,68.96043622,69.31225047,69.22771546,69.06372522,69.05100438
2684.908,68.86522963,69.02874856,68.97472855,69.32821204,69.24365757,69.07803896,69.06531549
2684.426,68.88267433,69.04623467,68.98902385,69.34417729,69.25960335,69.0939466,69.0812202
2683.944,68.90170995,69.06372522,69.00332211,69.36174331,69.2755528,69.1098579,69.09871961
2683.461,68.91757698,69.07962956,69.01762333,69.37771628,69.29150592,69.12577287,69.11622345
2682.979,68.93503493,69.09553756,69.03192752,69.39369293,69.30746271,69.1416915,69.13213988
2682.497,68.95249731,69.1098579,69.04941444,69.40967326,69.32342319,69.15761379,69.14965219
2682.015,68.96996411,69.1241812,69.06690579,69.42565727,69.34098395,69.17353975,69.16557631
2681.533,68.98743534,69.13691552,69.08599232,69.44164496,69.35854916,69.19106255,69.18309709
2681.051,69.00491099,69.15124443,69.10508413,69.45763633,69.37611882,69.20858978,69.20062231
2680.569,69.02239107,69.16398374,69.1241812,69.47203171,69.39369293,69.22612146,69.21496442
2680.087,69.03828589,69.17831826,69.1416915,69.48483011,69.40967326,69.24206319,69.23090359
2679.605,69.05259436,69.19265575,69.15761379,69.49923113,69.4240587,69.25960335,69.24365757
2679.122,69.06690579,69.20858978,69.17194699,69.51203454,69.43844712,69.2755528,69.2564139
2678.64,69.0812202,69.22612146,69.18628316,69.52644119,69.45283853,69.29150592,69.27076758
2678.158,69.09553756,69.24525198,69.20062231,69.54245209,69.46723292,69.3090586,69.2867196
2677.676,69.1130406,69.26598269,69.21815196,69.56167004,69.48483011,69.32821204,69.30427106
2677.194,69.13054807,69.288315,69.23568606,69.58249547,69.50403213,69.34737078,69.32342319
2676.712,69.14965219,69.31225047,69.25481923,69.60332714,69.52323946,69.36493761,69.3425806
2676.23,69.17035427,69.33300123,69.27236261,69.62416504,69.54085084,69.38250889,69.36174331
2675.748,69.18946938,69.35216129,69.288315,69.64180199,69.55846668,69.3968887,69.37931378
2675.265,69.20699621,69.36972934,69.30107956,69.65783945,69.57608698,69.40967326,69.3952908
2674.783,69.22293355,69.38570415,69.31384646,69.67227633,69.59050691,69.42246017,69.40967326
2674.301,69.23728029,69.40008462,69.32342319,69.68350708,69.60332714,69.43365065,69.42246017
2673.819,69.25163,69.41286977,69.3314048,69.69473964,69.61454677,69.44644198,69.4320519
2673.337,69.2643878,69.4240587,69.33938733,69.70436898,69.62576822,69.45763633,69.44324393
2672.855,69.2755528,69.43524944,69.34737078,69.71399966,69.63538804,69.47043207,69.45123934
2672.373,69.28512423,69.44484294,69.35535515,69.72363167,69.64500919,69.48163029,69.46083504
2671.891,69.29469698,69.45443776,69.36493761,69.73326502,69.65302782,69.49123019,69.47043207
2671.409,69.30267529,69.46403391,69.37452139,69.74289969,69.66104739,69.50083142,69.47843061
2670.926,69.31065451,69.47363138,69.38570415,69.75253569,69.66906787,69.51043398,69.48963012
2670.444,69.31863466,69.48323018,69.39848664,69.76217303,69.67869368,69.52003787,69.50083142
2669.962,69.32821204,69.49443046,69.41127149,69.77502488,69.68992546,69.52964308,69.51203454
2669.48,69.33779075,69.50563254,69.42565727,69.78627219,69.70115905,69.53924962,69.52323946
2668.998,69.34737078,69.51523576,69.43844712,69.79752131,69.71399966,69.54885748,69.53444618
2668.516,69.35535515,69.52484031,69.45123934,69.80877225,69.72523714,69.55686505,69.54245209
2668.034,69.36334044,69.53444618,69.46243446,69.81841736,69.7348707,69.56487354,69.55045892
2667.552,69.37132665,69.54085084,69.47203171,69.82645596,69.7445056,69.571281,69.55686505
2667.069,69.37771628,69.54885748,69.48003043,69.83449549,69.75414182,69.57768905,69.56327177
2666.587,69.3841065,69.55366191,69.48803008,69.84092778,69.76056671,69.58409768,69.5680772
2666.105,69.39049731,69.56006834,69.49443046,69.84736067,69.76859866,69.59050691,69.57448495
2665.623,69.3968887,69.56487354,69.49923113,69.85218572,69.77502488,69.59691673,69.57768905
2665.141,69.40168264,69.5680772,69.50243176,69.8554026,69.78145169,69.60332714,69.58249547
2664.659,69.40487877,69.571281,69.50243176,69.8570111,69.78466532,69.60653256,69.58249547
2664.177,69.40487877,69.571281,69.50243176,69.8554026,69.78627219,69.60653256,69.58249547
2663.695,69.40328069,69.56967908,69.50083142,69.85218572,69.78627219,69.60492983,69.57929115
2663.213,69.39848664,69.5680772,69.49923113,69.84896898,69.78466532,69.60012186,69.57768905
2662.73,69.3920951,69.5680772,69.49603064,69.84414415,69.78145169,69.59531422,69.57448495
2662.248,69.38730183,69.56647535,69.49443046,69.84092778,69.77984493,69.59050691,69.57448495
2661.766,69.38250889,69.56647535,69.49443046,69.83931965,69.77663152,69.58409768,69.57288296
2661.284,69.37771628,69.56647535,69.49283031,69.83610351,69.77341827,69.57768905,69.57288296
2660.802,69.37292401,69.56487354,69.48963012,69.83449549,69.77020516,69.571281,69.56967908
2660.32,69.36972934,69.56327177,69.48643007,69.83127957,69.76538577,69.56647535,69.56647535
2659.838,69.36653482,69.56006834,69.48163029,69.82967166,69.76217303,69.56006834,69.56006834
2659.356,69.36334044,69.55846668,69.47843061,69.82806379,69.75896043,69.55686505,69.55366191
2658.873,69.36174331,69.55526347,69.47683083,69.82806379,69.75574799,69.55366191,69.54885748
2658.391,69.36174331,69.55526347,69.47683083,69.82806379,69.75574799,69.5520604,69.54405338
2657.909,69.36174331,69.55366191,69.47843061,69.82806379,69.75574799,69.5520604,69.53924962
2657.427,69.36174331,69.55366191,69.48003043,69.82806379,69.75574799,69.5520604,69.53764844
2656.945,69.36014622,69.55366191,69.48323018,69.82806379,69.75574799,69.55045892,69.53444618
2656.463,69.36014622,69.5520604,69.48483011,69.82484817,69.75414182,69.54565471,69.53284511
2655.981,69.35854916,69.55045892,69.48483011,69.82163269,69.75253569,69.54085084,69.52804212
2655.499,69.35535515,69.54885748,69.48483011,69.81841736,69.74932354,69.53604729,69.52484031
2655.017,69.35216129,69.54885748,69.48483011,69.81520217,69.74771752,69.53124408,69.52163864
2654.534,69.35056442,69.54725608,69.48323018,69.81359464,69.74611154,69.52964308,69.51843713
2654.052,69.34896758,69.54885748,69.48323018,69.81198714,69.74771752,69.52804212,69.51683643
2653.57,69.34737078,69.55045892,69.48323018,69.81198714,69.74932354,69.52804212,69.51523576
2653.088,69.34577402,69.55045892,69.48163029,69.81359464,69.7509296,69.52964308,69.51523576
2652.606,69.34417729,69.5520604,69.48003043,69.81359464,69.7509296,69.52964308,69.51363513
2652.124,69.3425806,69.5520604,69.47523109,69.81198714,69.7509296,69.52964308,69.51203454
2651.642,69.3425806,69.5520604,69.47043207,69.81198714,69.74932354,69.52804212,69.51043398
2651.16,69.3425806,69.5520604,69.46723292,69.81037968,69.74771752,69.52804212,69.50883346
2650.678,69.3425806,69.55045892,69.46243446,69.81037968,69.7445056,69.52804212,69.50883346
2650.195,69.3425806,69.55045892,69.46083504,69.81037968,69.74289969,69.52804212,69.50883346
2649.713,69.3425806,69.54725608,69.45923567,69.80877225,69.73968798,69.52964308,69.50883346
2649.231,69.34098395,69.54565471,69.45763633,69.80555751,69.73808219,69.52964308,69.50883346
2648.749,69.33938733,69.54245209,69.45603702,69.80073568,69.7348707,69.52964308,69.50883346
2648.267,69.33779075,69.54085084,69.45443776,69.79591418,69.73326502,69.52804212,69.50723298
2647.785,69.33619421,69.53924962,69.45123934,69.79109302,69.73005375,69.52644119,69.50563254
2647.303,69.33300123,69.53924962,69.44964018,69.7878791,69.72844818,69.52323946,69.50403213
2646.821,69.3314048,69.54085084,69.44644198,69.78466532,69.72844818,69.52003787,69.50403213
2646.338,69.3314048,69.54405338,69.44644198,69.78466532,69.73005375,69.51843713,69.50243176
2645.856,69.3298084,69.54565471,69.44484294,69.78627219,69.73165937,69.51523576,69.50243176
2645.374,69.32821204,69.54725608,69.44484294,69.78627219,69.73165937,69.51203454,69.50083142
2644.892,69.32661572,69.54725608,69.44484294,69.7878791,69.73165937,69.51043398,69.50083142
2644.41,69.32342319,69.54565471,69.44484294,69.7878791,69.73165937,69.50723298,69.50083142
2643.928,69.32342319,69.54565471,69.44644198,69.78948604,69.73005375,69.50723298,69.50243176
2643.446,69.32342319,69.54565471,69.44804106,69.78948604,69.72844818,69.50723298,69.50403213
2642.964,69.32501943,69.54565471,69.45123934,69.79270004,69.72684264,69.50723298,69.50723298
2642.482,69.32821204,69.54885748,69.45443776,69.79430709,69.72844818,69.51043398,69.51043398
2641.999,69.3314048,69.55045892,69.45763633,69.79752131,69.72844818,69.51363513,69.51203454
2641.517,69.3345977,69.5520604,69.46083504,69.79912848,69.73005375,69.51523576,69.51363513
2641.035,69.33619421,69.5520604,69.46403391,69.80234292,69.73326502,69.51683643,69.51363513
2640.553,69.33619421,69.55045892,69.46563339,69.8039502,69.7348707,69.51683643,69.51203454
2640.071,69.33619421,69.55045892,69.46723292,69.80716486,69.73647643,69.51683643,69.51043398
2639.589,69.3345977,69.54885748,69.47043207,69.80877225,69.73968798,69.51523576,69.51043398
2639.107,69.3345977,69.54885748,69.47203171,69.81198714,69.74129382,69.51523576,69.51043398
2638.625,69.33300123,69.54885748,69.47523109,69.81520217,69.74289969,69.51523576,69.51203454
2638.142,69.33300123,69.55045892,69.47843061,69.81680975,69.7445056,69.51523576,69.51203454
2637.66,69.3314048,69.55366191,69.48003043,69.81680975,69.74289969,69.51363513,69.51363513
2637.178,69.3298084,69.55526347,69.48003043,69.81520217,69.74129382,69.51043398,69.51363513
2636.696,69.32821204,69.55686505,69.47683083,69.81198714,69.73647643,69.50723298,69.51203454
2636.214,69.32661572,69.55846668,69.47523109,69.80716486,69.73165937,69.50243176,69.51203454
2635.732,69.32501943,69.56006834,69.47203171,69.8039502,69.72844818,69.49923113,69.51203454
2635.25,69.32501943,69.56327177,69.47203171,69.80234292,69.72684264,69.49763087,69.51203454
2634.768,69.32501943,69.56487354,69.47043207,69.80073568,69.72684264,69.49763087,69.51363513
2634.286,69.32501943,69.5680772,69.47043207,69.79912848,69.72684264,69.49923113,69.51523576
2633.803,69.32501943,69.5680772,69.47043207,69.79752131,69.72844818,69.50243176,69.51523576
2633.321,69.32501943,69.56967908,69.46883248,69.79430709,69.72844818,69.50563254,69.51363513
2632.839,69.32342319,69.5680772,69.46723292,69.79270004,69.73005375,69.50723298,69.51043398
2632.357,69.32342319,69.56647535,69.46403391,69.79109302,69.73005375,69.51043398,69.50723298
2631.875,69.32501943,69.56647535,69.46243446,69.78948604,69.73005375,69.51203454,69.50403213
2631.393,69.32661572,69.56647535,69.46083504,69.79109302,69.73005375,69.51203454,69.50403213
2630.911,69.3298084,69.56647535,69.46083504,69.79430709,69.73165937,69.51363513,69.50563254
2630.429,69.3314048,69.5680772,69.46083504,69.79752131,69.73326502,69.51523576,69.51043398
2629.946,69.3345977,69.56967908,69.46243446,69.80234292,69.73647643,69.51523576,69.51363513
2629.464,69.33619421,69.571281,69.46403391,69.80716486,69.73808219,69.51523576,69.51843713
2628.982,69.33779075,69.57448495,69.46563339,69.80877225,69.74129382,69.51523576,69.52003787
2628.5,69.33779075,69.57768905,69.46883248,69.81198714,69.7445056,69.51523576,69.52323946
2628.018,69.34098395,69.57929115,69.47363138,69.81359464,69.74771752,69.51683643,69.52484031
2627.536,69.3425806,69.58249547,69.47683083,69.81520217,69.7509296,69.51683643,69.52644119
2627.054,69.34737078,69.58569994,69.48163029,69.81680975,69.75574799,69.51843713,69.52804212
2626.572,69.35056442,69.58730222,69.48483011,69.820025,69.75896043,69.51683643,69.53124408
2626.09,69.35375821,69.58730222,69.48643007,69.82163269,69.76056671,69.51523576,69.53284511
2625.607,69.35535515,69.58409768,69.48643007,69.82163269,69.76056671,69.51203454,69.53284511
2625.125,69.35535515,69.58249547,69.48483011,69.82163269,69.75896043,69.50723298,69.53444618
2624.643,69.35375821,69.57929115,69.48323018,69.82163269,69.75735419,69.50243176,69.53444618
2624.161,69.35216129,69.57768905,69.48163029,69.820025,69.75414182,69.49923113,69.53444618
2623.679,69.34896758,69.57608698,69.48003043,69.820025,69.7509296,69.49763087,69.53604729
2623.197,69.34737078,69.57608698,69.47843061,69.81841736,69.74771752,69.49763087,69.53764844
2622.715,69.34417729,69.57768905,69.47523109,69.81841736,69.74611154,69.49923113,69.53924962
2622.233,69.3425806,69.57929115,69.47363138,69.81520217,69.74289969,69.50083142,69.53924962
2621.751,69.33938733,69.58249547,69.47043207,69.81359464,69.74129382,69.50083142,69.53924962
2621.268,69.33779075,69.58569994,69.46883248,69.81037968,69.73968798,69.50083142,69.53764844
2620.786,69.33938733,69.58890455,69.46723292,69.80877225,69.74129382,69.50083142,69.53444618
2620.304,69.3425806,69.59531422,69.47043207,69.81037968,69.74289969,69.50403213,69.53444618
2619.822,69.34737078,69.60172448,69.47523109,69.81198714,69.74932354,69.50723298,69.53284511
2619.34,69.35216129,69.60813533,69.48003043,69.81359464,69.75414182,69.51363513,69.53444618
2618.858,69.35695214,69.61134098,69.48643007,69.81359464,69.76056671,69.52003787,69.53444618
2618.376,69.36014622,69.61134098,69.48963012,69.81359464,69.76377938,69.52484031,69.53444618
2617.894,69.36174331,69.60813533,69.49123019,69.80877225,69.76538577,69.52804212,69.53284511
2617.411,69.36014622,69.60332714,69.48963012,69.8039502,69.76538577,69.52964308,69.53284511
2616.929,69.35854916,69.59691673,69.48643007,69.79912848,69.76217303,69.52804212,69.53284511
2616.447,69.35854916,69.59210931,69.48163029,69.79591418,69.76056671,69.52644119,69.53444618
2615.965,69.35854916,69.59050691,69.47843061,69.79591418,69.76217303,69.52484031,69.53764844
2615.483,69.36014622,69.59050691,69.47683083,69.79912848,69.76377938,69.52323946,69.54085084
2615.001,69.36174331,69.59210931,69.47683083,69.8039502,69.76859866,69.52163864,69.54565471
2614.519,69.36493761,69.59371175,69.47523109,69.80877225,69.77341827,69.52003787,69.54885748
2614.037,69.36653482,69.59691673,69.47523109,69.81359464,69.77823821,69.52003787,69.55045892
2613.555,69.36653482,69.59851928,69.47363138,69.81680975,69.78305849,69.51843713,69.54885748
2613.072,69.36813206,69.60012186,69.47363138,69.81841736,69.78627219,69.52003787,69.54725608
2612.59,69.36813206,69.60172448,69.47523109,69.81841736,69.7878791,69.52323946,69.54725608
2612.108,69.36972934,69.60653256,69.47683083,69.820025,69.7878791,69.52804212,69.54885748
2611.626,69.37132665,69.60973814,69.48163029,69.82163269,69.7878791,69.53284511,69.55045892
2611.144,69.37132665,69.61614973,69.48643007,69.82163269,69.7878791,69.53764844,69.55526347
2610.662,69.37132665,69.6209588,69.49123019,69.82324041,69.78466532,69.53924962,69.55846668
2610.18,69.36972934,69.62416504,69.49603064,69.82484817,69.78305849,69.53924962,69.56006834
2609.698,69.36653482,69.62737143,69.50243176,69.82645596,69.77984493,69.53764844,69.56006834
2609.215,69.36334044,69.62897468,69.50723298,69.82806379,69.77984493,69.53604729,69.56006834
2608.733,69.36334044,69.63057796,69.51363513,69.83127957,69.77984493,69.53284511,69.55846668
2608.251,69.36334044,69.63057796,69.52163864,69.83449549,69.78466532,69.53284511,69.55846668
2607.769,69.36653482,69.63218128,69.52804212,69.83771156,69.78948604,69.53444618,69.55846668
2607.287,69.37132665,69.63218128,69.53124408,69.84092778,69.79430709,69.53604729,69.56006834
2606.805,69.37452139,69.62897468,69.53284511,69.84092778,69.79752131,69.53764844,69.56006834
2606.323,69.37611882,69.62576822,69.53124408,69.83771156,69.79912848,69.53764844,69.55846668
2605.841,69.37611882,69.6209588,69.52644119,69.83288751,69.80073568,69.53604729,69.55526347
2605.359,69.37292401,69.61775272,69.52163864,69.82806379,69.79912848,69.53444618,69.55045892
2604.876,69.36813206,69.61454677,69.51683643,69.82163269,69.79752131,69.53124408,69.54565471
2604.394,69.36493761,69.61294386,69.51363513,69.81680975,69.79752131,69.52964308,69.54085084
2603.912,69.36014622,69.61294386,69.51203454,69.81359464,69.79752131,69.52804212,69.53604729
2603.43,69.35535515,69.61294386,69.51043398,69.81198714,69.79752131,69.52644119,69.53284511
2602.948,69.35375821,69.61454677,69.51043398,69.81198714,69.79752131,69.52323946,69.53124408
2602.466,69.35216129,69.61614973,69.50723298,69.81198714,69.79591418,69.52163864,69.53124408
2601.984,69.35216129,69.61614973,69.50563254,69.81359464,69.79430709,69.52003787,69.53284511
2601.502,69.35375821,69.61935574,69.50403213,69.81841736,69.79109302,69.51843713,69.53604729
2601.019,69.35854916,69.62256191,69.50403213,69.82324041,69.78948604,69.52003787,69.54245209
2600.537,69.36653482,69.62897468,69.50723298,69.82967166,69.78948604,69.52323946,69.55045892
2600.055,69.37611882,69.63538804,69.51203454,69.83931965,69.79270004,69.52964308,69.56006834
2599.573,69.3841065,69.64340557,69.52003787,69.84736067,69.79591418,69.53764844,69.56967908
2599.091,69.39369293,69.64821653,69.52804212,69.8554026,69.80234292,69.54565471,69.57608698
2598.609,69.40168264,69.65142402,69.53604729,69.86022821,69.80716486,69.55526347,69.58089329
2598.127,69.40807506,69.65302782,69.54085084,69.86505415,69.81359464,69.56167004,69.58249547
2597.645,69.41286977,69.65463166,69.54565471,69.86827163,69.820025,69.56967908,69.58249547
2597.163,69.4176648,69.65463166,69.54885748,69.87148926,69.82645596,69.57608698,69.58409768
2596.68,69.42246017,69.65623554,69.5520604,69.87470703,69.83449549,69.58249547,69.58569994
2596.198,69.42885451,69.6594434,69.55686505,69.87953397,69.84253595,69.58890455,69.58890455
2595.716,69.43524944,69.66425547,69.56327177,69.88436125,69.85057733,69.59531422,69.59531422
2595.234,69.44164496,69.67067208,69.56967908,69.89079813,69.8570111,69.60012186,69.60332714
2594.752,69.44644198,69.67708928,69.57608698,69.89562618,69.86022821,69.60492983,69.61134098
2594.27,69.44964018,69.68350708,69.58249547,69.90045457,69.86344547,69.60813533,69.61935574
2593.788,69.45283853,69.68992546,69.58890455,69.90528329,69.86666287,69.60973814,69.62897468
2593.306,69.45763633,69.69794927,69.59531422,69.91011234,69.86827163,69.61294386,69.63699147
2592.823,69.46243446,69.70757906,69.60172448,69.91494173,69.87148926,69.61614973,69.64661284
2592.341,69.46723292,69.71560491,69.60813533,69.91977145,69.87470703,69.61935574,69.65623554
2591.859,69.47203171,69.72523714,69.61454677,69.9246015,69.87953397,69.62416504,69.66425547
2591.377,69.47843061,69.73326502,69.61935574,69.92782172,69.88436125,69.62737143,69.67067208
2590.895,69.48323018,69.73968798,69.62256191,69.93104209,69.88757961,69.63057796,69.67548493
2590.413,69.48963012,69.7445056,69.62416504,69.93426261,69.89240744,69.63378464,69.67869368
2589.931,69.49603064,69.74771752,69.62737143,69.93748327,69.89884507,69.63699147,69.68029811
2589.449,69.50403213,69.75253569,69.63057796,69.94392505,69.90528329,69.64019844,69.68190257
2588.967,69.51203454,69.75574799,69.63378464,69.95197811,69.91494173,69.64340557,69.68350708
2588.484,69.52163864,69.76217303,69.64019844,69.961643,69.9246015,69.64661284,69.68671619
2588.002,69.52964308,69.76859866,69.64500919,69.97130922,69.93426261,69.65142402,69.69313487
2587.52,69.53764844,69.77502488,69.64982026,69.98258817,69.94392505,69.65623554,69.69955414
2587.038,69.54565471,69.78305849,69.65463166,69.99064568,69.95358883,69.66104739,69.70597401
2586.556,69.5520604,69.79109302,69.66104739,69.99870411,69.96003209,69.66585957,69.71560491
2586.074,69.55846668,69.79912848,69.66585957,70.00676348,69.96486492,69.67227633,69.72363167
2585.592,69.56647535,69.80877225,69.67388061,70.01321164,69.968087,69.68029811,69.7348707
2585.11,69.57448495,69.81841736,69.68511162,70.02127267,69.97130922,69.68832081,69.7445056
2584.628,69.58409768,69.82645596,69.69634443,70.02772216,69.97292039,69.69794927,69.75574799
2584.145,69.59371175,69.83449549,69.70918416,70.03578487,69.97453159,69.70757906,69.76538577
2583.663,69.60012186,69.83931965,69.72042086,70.04062293,69.97614284,69.71560491,69.77181169
2583.181,69.60492983,69.84253595,69.73165937,70.0438485,69.97775411,69.72042086,69.77823821
2582.699,69.60973814,69.84575239,69.74129382,70.04707421,69.97936543,69.72523714,69.78145169
2582.217,69.61454677,69.84896898,69.74932354,70.05030007,69.98581106,69.73005375,69.78627219
2581.735,69.6209588,69.85379414,69.76056671,70.05675224,69.99548063,69.7348707,69.79270004
2581.253,69.62897468,69.86183682,69.77020516,70.06481829,70.00837546,69.74289969,69.80073568
2580.771,69.64019844,69.87148926,69.78145169,70.07449877,70.02288499,69.75414182,69.81198714
2580.288,69.65142402,69.88275212,69.79270004,70.08740816,70.03901021,69.76859866,69.82484817
2579.806,69.66425547,69.89401679,69.80234292,70.10031992,70.05352608,69.78145169,69.83771156
2579.324,69.67548493,69.90528329,69.81198714,70.11323407,70.06643161,69.79430709,69.84896898
2578.842,69.68511162,69.91655159,69.82163269,70.12615059,70.07772589,69.80716486,69.86183682
2578.36,69.69313487,69.92782172,69.82967166,70.1374545,70.089022,69.81841736,69.87309813
2577.878,69.702764,69.93909366,69.84092778,70.14876024,70.09870582,69.82967166,69.88436125
2577.396,69.71239446,69.95197811,69.85218572,70.15845232,70.11000531,69.84092778,69.89562618
2576.914,69.72202625,69.96486492,69.86344547,70.16976143,70.12130662,69.85057733,69.90528329
2576.432,69.73165937,69.97614284,69.87470703,70.17945641,70.13260975,69.86022821,69.91655159
2575.949,69.73968798,69.98742257,69.88597041,70.18915273,70.1439147,69.86988042,69.92621159
2575.467,69.74771752,69.99386894,69.89240744,70.19723402,70.15360611,69.87953397,69.93587292
2574.985,69.75253569,70.00031591,69.89884507,70.20369973,70.16168331,69.88757961,69.94392505
2574.503,69.75896043,70.00676348,69.90367368,70.21016602,70.16814573,69.89562618,69.95358883
2574.021,69.76538577,70.01159954,69.91011234,70.21663292,70.17299295,69.90528329,69.961643
2573.539,69.77341827,70.01966039,69.9181615,70.22471737,70.17945641,69.91494173,69.97130922
2573.057,69.78466532,70.02772216,69.92621159,70.23280276,70.18592048,69.9246015,69.98097678
2572.575,69.79591418,70.03578487,69.93587292,70.24250645,70.1940014,69.93426261,69.9890341
2572.092,69.80716486,70.0438485,69.94553559,70.25059388,70.2004668,69.94392505,69.99548063
2571.61,69.820025,70.05352608,69.95519959,70.26030003,70.2069328,69.95358883,70.00192775
2571.128,69.83449549,70.063205,69.96486492,70.26838951,70.21501614,69.961643,70.00837546
2570.646,69.84896898,70.07611231,69.97775411,70.27809812,70.22633437,69.97130922,70.01804814
2570.164,69.86666287,70.09063588,69.99225729,70.28942652,70.23927173,69.9841996,70.03094713
2569.682,69.88597041,70.10839099,70.00837546,70.3039943,70.25544679,69.99709235,70.05030007
2569.2,69.90689293,70.1293801,70.02610973,70.31856509,70.27324365,70.01159954,70.07127179
2568.718,69.92621159,70.14876024,70.0438485,70.3331389,70.29104501,70.02610973,70.09386374
2568.236,69.94553559,70.16653007,70.05997855,70.34771574,70.30723199,70.04062293,70.1148485
2567.753,69.961643,70.18268837,70.07449877,70.36229559,70.32180345,70.05191306,70.13422463
2567.271,69.97614284,70.19561769,70.08740816,70.37687847,70.33151944,70.06481829,70.15199078
2566.789,69.99064568,70.2069328,70.09870582,70.38984356,70.34123677,70.07611231,70.16653007
2566.307,70.00353962,70.21824973,70.11000531,70.40605329,70.34933557,70.08740816,70.17945641
2565.825,70.01804814,70.22956849,70.1245359,70.42226675,70.3574353,70.09870582,70.19238514
2565.343,70.03094713,70.24088907,70.1390695,70.44172783,70.3687765,70.11161967,70.20531625
2564.861,70.0438485,70.25382911,70.15522147,70.46119428,70.38011952,70.12292124,70.21663292
2564.379,70.05513914,70.26353571,70.17137717,70.48066612,70.39146437,70.13422463,70.22633437
2563.896,70.063205,70.27162556,70.18430441,70.49852003,70.40281104,70.1422996,70.23441994
2563.414,70.07127179,70.27971635,70.19723402,70.51475479,70.41578092,70.15199078,70.24088907
2562.932,70.07772589,70.28780807,70.20854939,70.52936926,70.42713151,70.16168331,70.24897632
2562.45,70.08579435,70.29590071,70.21986659,70.54073817,70.44010586,70.17137717,70.2570645
2561.968,70.09386374,70.30723199,70.22956849,70.55373345,70.45470487,70.18430441,70.26677154
2561.486,70.10516245,70.32018425,70.24088907,70.56348148,70.47092953,70.19885039,70.27809812
2561.004,70.11646298,70.3331389,70.25221148,70.57323086,70.48715793,70.21178269,70.29104501
2560.522,70.12615059,70.34771574,70.26191785,70.58135637,70.50339007,70.22471737,70.30075675
2560.04,70.13583955,70.36067546,70.27162556,70.58623213,70.51637847,70.23603717,70.30885089
2559.557,70.1422996,70.37201717,70.28133462,70.59273366,70.52774528,70.24735879,70.31694596
2559.075,70.15037549,70.3817401,70.28942652,70.5976102,70.53911393,70.2570645,70.32342269
2558.593,70.15683688,70.39146437,70.30075675,70.60573852,70.55048441,70.26677154,70.33151944
2558.111,70.16653007,70.40281104,70.31370782,70.61549374,70.56023199,70.27809812,70.34123677
2557.629,70.17784049,70.41253822,70.32666128,70.62687653,70.57323086,70.28942652,70.3541953
2557.147,70.19238514,70.4238883,70.34285646,70.64151424,70.58623213,70.3023755,70.3687765
2556.665,70.2069328,70.4352402,70.3574353,70.65615498,70.59923579,70.31370782,70.38336072
2556.183,70.22148348,70.44821605,70.37201717,70.67079876,70.61224185,70.32666128,70.39956895
2555.701,70.23765443,70.46119428,70.38660206,70.68544558,70.6252503,70.33799751,70.41415955
2555.218,70.25382911,70.47579766,70.40118998,70.69846752,70.63826115,70.34933557,70.42713151
2554.736,70.27324365,70.49202718,70.41578092,70.71149186,70.6512744,70.36391576,70.44172783
2554.254,70.29104501,70.50988397,70.43037488,70.7245186,70.66429004,70.37849897,70.45632717
2553.772,70.31046983,70.52612134,70.44497186,70.73754773,70.67730808,70.39470609,70.47092953
2553.29,70.32666128,70.54073817,70.45957187,70.75057927,70.69032853,70.40929568,70.48553492
2552.808,70.34123677,70.55210891,70.4725522,70.7603545,70.70335136,70.4238883,70.50014334
2552.326,70.35095544,70.56023199,70.48553492,70.77176064,70.71474832,70.4352402,70.51313114
2551.844,70.35905536,70.56673112,70.49527353,70.7815388,70.7245186,70.44334983,70.52449743
2551.361,70.36553597,70.57323086,70.50663694,70.7913183,70.73591896,70.45308261,70.53586556
2550.879,70.37363757,70.58135637,70.51962594,70.80435975,70.7489502,70.46281673,70.54885994
2550.397,70.38011952,70.59273366,70.53424143,70.81740359,70.76198384,70.47579766,70.56023199
2549.915,70.38984356,70.60573852,70.54885994,70.83044984,70.77501988,70.49040406,70.57323086
2549.433,70.40118998,70.62037185,70.56348148,70.84512975,70.7913183,70.50663694,70.58460684
2548.951,70.41253822,70.63500821,70.57648095,70.85981269,70.8059901,70.52124973,70.59435914
2548.469,70.42550989,70.64802086,70.58623213,70.87286675,70.82066493,70.53586556,70.60248708
2547.987,70.43848394,70.65940889,70.59598465,70.88755545,70.83534281,70.55048441,70.61061596
2547.505,70.45308261,70.67242604,70.60573852,70.90061462,70.85002372,70.56348148,70.61874577
2547.022,70.4693069,70.68544558,70.61549374,70.91694197,70.86470768,70.57485589,70.62850279
2546.54,70.48715793,70.69846752,70.6252503,70.9316398,70.87776265,70.58623213,70.63988768
2546.058,70.50339007,70.71312007,70.63500821,70.94634068,70.88918771,70.5976102,70.6512744
2545.576,70.51800219,70.72614711,70.64476747,70.9577768,70.8973496,70.60736429,70.66266296
2545.094,70.52936926,70.73429022,70.6512744,70.96758065,70.90224719,70.61224185,70.67242604
2544.612,70.53748972,70.74080539,70.65615498,70.97411731,70.90387979,70.61711974,70.67893551
2544.13,70.54073817,70.7440632,70.65778192,70.9790202,70.90551243,70.61874577,70.68381801
2543.648,70.54236245,70.74569216,70.66103591,70.98228898,70.90877783,70.62199796,70.68870084
2543.165,70.54561112,70.74569216,70.66429004,70.98882699,70.9136762,70.62850279,70.69683964
2542.683,70.55048441,70.7489502,70.67079876,70.99700035,70.92347396,70.63500821,70.70497939
2542.201,70.55698264,70.75383753,70.68056297,71.00680963,70.9349064,70.64476747,70.71800493
2541.719,70.56510628,70.7603545,70.69195625,71.01825549,70.94797429,70.65615498,70.73103286
2541.237,70.57323086,70.76687207,70.70335136,71.02806771,70.9610446,70.66429004,70.7440632
2540.755,70.58298159,70.77501988,70.71312007,71.03624558,70.97084891,70.67079876,70.75709594
2540.273,70.59273366,70.78479848,70.7245186,71.04442441,70.98228898,70.67730808,70.76850156
2539.791,70.60411278,70.79457844,70.73591896,71.05260417,70.99373089,70.68219047,70.77990901
2539.309,70.61711974,70.80925091,70.74732116,71.06078487,71.00680963,70.68870084,70.7913183
2538.826,70.63175543,70.82555722,70.76198384,71.07060296,71.02152608,70.69846752,70.80435975
2538.344,70.64802086,70.84512975,70.77827926,71.08205911,71.03788127,70.71149186,70.81740359
2537.862,70.66266296,70.86633942,70.79294835,71.09188014,71.05260417,70.72614711,70.83044984
2537.38,70.67730808,70.88429103,70.80925091,71.10333972,71.06569375,70.74243428,70.8434985
2536.898,70.68870084,70.90224719,70.82229565,71.11316369,71.07551251,70.75709594,70.85654955
2536.416,70.69846752,70.91694197,70.83371178,71.12298901,71.08369586,70.77176064,70.8679712
2535.934,70.70660745,70.93000656,70.84512975,71.13445361,71.09188014,70.78479848,70.88265888
2535.452,70.71800493,70.94307355,70.8581811,71.14919652,71.10333972,70.79946892,70.89898209
2534.969,70.73103286,70.95614295,70.87286675,71.16558111,71.11643865,70.81577298,70.91694197
2534.487,70.74569216,70.97084891,70.88755545,71.18196948,71.1328157,70.83371178,70.93653975
2534.005,70.76198384,70.98555791,70.90387979,71.20000104,71.15083481,70.85165512,70.95614295
2533.523,70.77827926,70.99863513,70.91857491,71.21475754,71.16721978,70.8679712,70.97248309
2533.041,70.79457844,71.01007969,70.9316398,71.22787699,71.18196948,70.88265888,70.98555791
2532.559,70.80762048,71.01989077,70.94307355,71.23607787,71.19344358,70.89408473,70.99373089
2532.077,70.81903424,71.02970321,70.95287538,71.2442797,71.2016405,70.90224719,71.00026996
2531.595,70.83044984,71.039517,70.96267856,71.24920125,71.20819872,70.90877783,71.00517465
2531.113,70.84186728,71.05096814,70.97084891,71.25576385,71.21475754,70.9136762,71.01007969
2530.63,70.85328656,71.06242113,70.98065457,71.26396794,71.21967705,70.92020789,71.01662026
2530.148,70.86307598,71.07387596,70.98719243,71.2705319,71.2245969,70.92674019,71.02316143
2529.666,70.87123486,71.08533264,70.99373089,71.2787377,71.22951709,70.93327308,71.03133874
2529.184,70.87776265,71.09679116,70.99700035,71.2885859,71.23607787,70.93980658,71.03788127
2528.702,70.88429103,71.10825153,71.00190482,71.30007719,71.24099886,70.94960795,71.04442441
2528.22,70.89245236,71.11971375,71.01007969,71.31321236,71.25084185,70.96267856,71.05424023
2527.738,70.90387979,71.13445361,71.02152608,71.33127716,71.26232705,70.97738586,71.06569375
2527.256,70.92020789,71.14919652,71.03788127,71.35098945,71.28037897,70.99700035,71.08205911
2526.774,70.93817315,71.16394248,71.05914866,71.373994,71.30007719,71.01662026,71.10170252
2526.291,70.95614295,71.18033047,71.08042241,71.39536201,71.32306532,71.03788127,71.12135137
2525.809,70.97411731,71.19344358,71.10333972,71.415092,71.34441808,71.05914866,71.14100564
2525.327,70.98882699,71.20491953,71.12298901,71.42989307,71.36577724,71.07714911,71.15902682
2524.845,71.00026996,71.21639734,71.13936757,71.44305216,71.38385536,71.09188014,71.17541368
2524.363,71.01171477,71.22787699,71.15247314,71.45292306,71.40193806,71.10497695,71.18852588
2523.881,71.02152608,71.24099886,71.16558111,71.46444084,71.41673641,71.11643865,71.20328
2523.399,71.03297432,71.25740459,71.17705257,71.4743147,71.43318262,71.12626442,71.21803717
2522.917,71.04606028,71.27545526,71.18688673,71.48748197,71.44634231,71.13445361,71.23115723
2522.434,71.05751248,71.29186893,71.19672224,71.49900532,71.45950442,71.14264374,71.24592018
2521.952,71.06896652,71.30664447,71.20328,71.51217713,71.4693776,71.14755827,71.25740459
2521.47,71.08042241,71.31649653,71.20983837,71.52370446,71.47596047,71.15247314,71.26560888
2520.988,71.09024321,71.32634994,71.21475754,71.53523365,71.48254396,71.15738834,71.27217298
2520.506,71.10006537,71.33291965,71.22131696,71.54841214,71.48912805,71.16558111,71.27709646
2520.024,71.11316369,71.34113263,71.23115723,71.56324085,71.49571274,71.17541368,71.28366163
2519.542,71.12790219,71.35263238,71.24592018,71.57972079,71.50723742,71.19180431,71.29351051
2519.06,71.14592005,71.36742051,71.26396794,71.59785311,71.52041075,71.20983837,71.30828638
2518.578,71.16558111,71.38221171,71.28530301,71.61599002,71.53523365,71.23115723,71.32470761
2518.095,71.18360852,71.39864996,71.30500259,71.63248211,71.55005962,71.24920125,71.34113263
2517.613,71.2016405,71.415092,71.32470761,71.64732824,71.56488867,71.26560888,71.35920451
2517.131,71.21639734,71.42824836,71.34277533,71.66052738,71.57807262,71.27709646,71.37728097
2516.649,71.23115723,71.44305216,71.35756142,71.67042833,71.58961058,71.28694444,71.39371809
2516.167,71.24263926,71.45621366,71.37070718,71.68033065,71.60115039,71.29515212,71.41015899
2515.685,71.25576385,71.47102326,71.38549905,71.68858363,71.61434102,71.30500259,71.42660368
2515.203,71.26889085,71.48748197,71.39864996,71.69848846,71.62588482,71.31485442,71.44469721
2514.721,71.28202028,71.50229804,71.41344762,71.70674353,71.63908001,71.32634994,71.46114986
2514.238,71.29351051,71.51547047,71.42495904,71.71499955,71.65227763,71.33948995,71.47596047
2513.756,71.30500259,71.52699833,71.43647231,71.72325652,71.66382755,71.35263238,71.48912805
2513.274,71.31649653,71.53688083,71.44634231,71.73316613,71.67702973,71.36577724,71.49900532
2512.792,71.32634994,71.54511729,71.45621366,71.74307712,71.69188509,71.38056809,71.50888395
2512.31,71.33948995,71.55664993,71.46608639,71.75959848,71.70839465,71.39536201,71.51711719
2511.828,71.35263238,71.56983237,71.47596047,71.77777636,71.72821115,71.41015899,71.52535138
2511.346,71.36906383,71.58466551,71.48912805,71.79926526,71.74803313,71.42660368,71.53688083
2510.864,71.38385536,71.59950173,71.50394446,71.82076058,71.76951312,71.44140714,71.5467647
2510.382,71.39864996,71.61599002,71.51711719,71.84060813,71.78769352,71.45621366,71.5582976
2509.899,71.41344762,71.63083273,71.53029234,71.85715195,71.80422515,71.47102326,71.56983237
2509.417,71.42824836,71.64567852,71.54346992,71.87038975,71.81745319,71.48418992,71.58136899
2508.935,71.44305216,71.65887735,71.5550023,71.88197482,71.83068367,71.49571274,71.59455598
2508.453,71.45950442,71.67372895,71.56983237,71.89356176,71.84226234,71.51053052,71.6077454
2507.971,71.47760629,71.68858363,71.58466551,71.90515056,71.85384288,71.52535138,71.62093725
2507.489,71.49735901,71.70509244,71.60115039,71.9183972,71.86708007,71.54182259,71.63578098
2507.007,71.51547047,71.71995361,71.61928814,71.93330259,71.88197482,71.55664993,71.6506278
2506.525,71.53193941,71.73481787,71.63578098,71.94821106,71.89521719,71.57148034,71.66382755
2506.042,71.5467647,71.74803313,71.65227763,71.95980868,71.90680626,71.58136899,71.67702973
2505.56,71.5582976,71.75959848,71.66712786,71.97140816,71.9183972,71.59125901,71.68858363
2505.078,71.56983237,71.77116569,71.68198117,71.98135207,71.92999001,71.59950173,71.70344138
2504.596,71.58136899,71.78273477,71.69848846,71.99295503,71.94324123,71.60939425,71.71995361
2504.114,71.59455598,71.79595885,71.71499955,72.00621784,71.95815176,71.62093725,71.73977331
2503.632,71.60939425,71.81083886,71.73316613,72.0194831,71.97306539,71.63248211,71.76125082
2503.15,71.62588482,71.82737582,71.75133732,72.03440943,71.9879821,71.64567852,71.78273477
2502.668,71.64072958,71.84226234,71.76786058,72.04767988,72.00290191,71.65887735,71.80257181
2502.186,71.65392751,71.85715195,71.78273477,72.06095278,72.01616655,71.67042833,71.81910687
2501.703,71.66712786,71.87038975,71.79595885,72.07256857,72.02611664,71.68198117,71.83233765
2501.221,71.67702973,71.88362998,71.80753193,72.08252645,72.03772682,71.69188509,71.84226234
2500.739,71.69023434,71.89852816,71.82076058,72.09414572,72.04767988,71.70344138,71.85218841
2500.257,71.70179037,71.91342943,71.83564573,72.10576686,72.06095278,71.71830222,71.86211584
2499.775,71.71665086,71.92999001,71.85218841,72.12071107,72.07422812,71.73481787,71.87369958
2499.293,71.73151444,71.94655441,71.86873489,72.13565839,72.0891658,71.75298948,71.88362998
2498.811,71.74472909,71.95980868,71.88528518,72.1506088,72.10410658,71.7728183,71.89521719
2498.329,71.75794617,71.97306539,71.90183929,72.16390066,72.11738987,71.79099954,71.90680626
2497.847,71.76951312,71.98300952,71.91508531,72.17719497,72.13067561,71.80918538,71.91674124
2497.364,71.78108193,71.99461274,71.92667759,72.19049172,72.14396379,71.82572196,71.92833378
2496.882,71.79099954,72.00787586,71.93992819,72.20212839,72.15891593,71.84060813,71.94158469
2496.4,71.80422515,72.02279979,71.95318124,72.21542974,72.17387116,71.8554974,71.95649488
2495.918,71.81579955,72.03938557,71.96643673,72.23039669,72.19049172,71.86873489,71.97306539
2495.436,71.82902973,72.05431603,71.97969465,72.24536674,72.20379093,71.88031969,71.99129735
2494.954,71.84060813,72.06924958,71.9896397,72.25867605,72.21542974,71.89025101,72.00787586
2494.472,71.85218841,72.079207,71.99792829,72.27365196,72.22540736,71.89687265,72.02114143
2493.99,71.86046117,72.0891658,72.00455985,72.28696648,72.2337231,71.90183929,72.03440943
2493.507,71.86873489,72.09746585,72.00953393,72.30028346,72.24203979,71.90680626,72.04602094
2493.025,71.87866461,72.10576686,72.01616655,72.31360289,72.25035744,71.91177358,72.05597516
2492.543,71.8885957,72.11572932,72.02611664,72.32859019,72.26200376,71.9183972,72.06924958
2492.061,71.89852816,72.12735394,72.03938557,72.34358059,72.27531614,71.92833378,72.08252645
2491.579,71.90846199,72.14064152,72.05431603,72.35690799,72.2902955,71.93992819,72.09912598
2491.097,71.9183972,72.15227015,72.07090906,72.37023786,72.30527796,71.95318124,72.11406882
2490.615,71.92999001,72.16390066,72.08750591,72.38023686,72.32192878,71.96809383,72.13067561
2490.133,71.94158469,72.17387116,72.10576686,72.39190412,72.3369178,71.98632454,72.14728622
2489.651,71.95649488,72.18384304,72.12403243,72.40524043,72.35524193,72.00455985,72.16390066
2489.168,71.97472265,72.19714102,72.14230264,72.42191427,72.3735707,72.02611664,72.18218096
2488.686,71.99461274,72.21210417,72.16390066,72.44025993,72.39357102,72.04933886,72.20212839
2488.204,72.01782481,72.22873354,72.18384304,72.46027868,72.41524427,72.07256857,72.22208133
2487.722,72.04104435,72.24703027,72.20379093,72.47863406,72.43525611,72.09414572,72.24037637
2487.24,72.06095278,72.26533163,72.22208133,72.49532481,72.45360515,72.11240835,72.25534849
2486.758,72.079207,72.28030891,72.23704966,72.50868017,72.46862146,72.12735394,72.26699562
2486.276,72.09414572,72.29528931,72.25035744,72.52036813,72.48030296,72.13898044,72.27698036
2485.794,72.10742717,72.30860782,72.26033989,72.52871783,72.49031718,72.14894749,72.28363762
2485.311,72.12071107,72.32359408,72.27198782,72.53873873,72.50200218,72.15891593,72.29196006
2484.829,72.13565839,72.33858344,72.28363762,72.55043154,72.51368906,72.17220932,72.30194826
2484.347,72.1506088,72.35357591,72.29695399,72.56379705,72.52871783,72.18550515,72.31526799
2483.865,72.16390066,72.36857149,72.30860782,72.57716503,72.54207934,72.2004659,72.32859019
2483.383,72.17553304,72.38023686,72.31859831,72.59220694,72.55711399,72.21542974,72.34358059
2482.901,72.18550515,72.39190412,72.32692478,72.60558015,72.57048073,72.23039669,72.35690799
2482.419,72.19547864,72.40190612,72.3352522,72.61895583,72.58384994,72.24536674,72.37190426
2481.937,72.2054535,72.41024218,72.34358059,72.63233397,72.59555002,72.26033989,72.38523689
2481.455,72.21709258,72.42358187,72.35524193,72.64738732,72.60725198,72.27531614,72.40023903
2480.972,72.23205987,72.43692401,72.37023786,72.66411692,72.62062796,72.29362467,72.41524427
2480.49,72.24869383,72.45527348,72.38690364,72.68252394,72.63400641,72.31027281,72.43192042
2480.008,72.26533163,72.47362759,72.40524043,72.70093562,72.64738732,72.32692478,72.44693224
2479.526,72.28197325,72.49198635,72.42358187,72.71767755,72.65742462,72.34191483,72.46027868
2479.044,72.29528931,72.50701061,72.43859195,72.73107388,72.6657901,72.35524193,72.47195884
2478.562,72.30694287,72.52203799,72.45026862,72.74279769,72.67415654,72.36690516,72.48364088
2478.08,72.31859831,72.53706848,72.46194716,72.75284817,72.68085038,72.37690371,72.49365556
2477.598,72.33192112,72.55043154,72.47362759,72.76290004,72.68921855,72.38857043,72.5053411
2477.115,72.34691221,72.56713881,72.4853099,72.7729533,72.70093562,72.40023903,72.5186983
2476.633,72.36357262,72.58384994,72.50033278,72.78468386,72.71600319,72.41357687,72.5337281
2476.151,72.38023686,72.60056491,72.51535877,72.79809253,72.73274859,72.42691717,72.55210209
2475.669,72.39523797,72.61728373,72.53205797,72.80982714,72.74949785,72.43859195,72.56713881
2475.187,72.40857489,72.63233397,72.54709054,72.82156365,72.76625097,72.44860041,72.58217865
2474.705,72.4185792,72.64571457,72.56045544,72.83162501,72.78133208,72.45861024,72.59387846
2474.223,72.42858488,72.65742462,72.5738228,72.84168777,72.79976879,72.46695283,72.60558015
2473.741,72.43692401,72.66913656,72.58719263,72.85342941,72.81653348,72.47529637,72.61561168
2473.259,72.44693224,72.68085038,72.60056491,72.86685074,72.83497911,72.48364088,72.62564459
2472.776,72.45861024,72.69256609,72.61393966,72.88027455,72.85342941,72.49365556,72.63567889
2472.294,72.46862146,72.7042837,72.62564459,72.89202241,72.86852858,72.5053411,72.64404186
2471.812,72.47863406,72.71265457,72.63567889,72.90209351,72.8819527,72.51535877,72.6540787
2471.33,72.48697895,72.7210264,72.64236919,72.91048715,72.89034403,72.52370789,72.66077069
2470.848,72.49365556,72.72604997,72.64906011,72.91720277,72.89873632,72.5337281,72.66746331
2470.366,72.50200218,72.73442335,72.65575164,72.923919,72.90377216,72.5454201,72.67415654
2469.884,72.51368906,72.74279769,72.66411692,72.93063585,72.912166,72.55878469,72.68252394
2469.402,72.52704781,72.75452339,72.67582994,72.94071229,72.92056081,72.57549389,72.69256609
2468.92,72.5437497,72.76625097,72.69089231,72.9541497,72.93063585,72.59220694,72.70595779
2468.437,72.56212623,72.77965625,72.70763193,72.96926975,72.94239183,72.60892384,72.71935196
2467.955,72.5788362,72.79138789,72.72270089,72.98271242,72.95079011,72.62230013,72.73274859
2467.473,72.59387846,72.79976879,72.73609814,72.99447679,72.95750944,72.63400641,72.74447267
2466.991,72.60725198,72.80479779,72.74614769,73.00456205,72.96422938,72.64069655,72.75619864
2466.509,72.61728373,72.80982714,72.75452339,73.01296749,72.96926975,72.64738732,72.76625097
2466.027,72.6289892,72.81485684,72.75954926,73.02137391,72.97431046,72.6524058,72.7763047
2465.545,72.63902396,72.81988689,72.76625097,73.02978129,72.98271242,72.65909764,72.7880358
2465.063,72.65073293,72.82827107,72.7729533,73.03987142,72.99447679,72.66746331,72.80144508
2464.58,72.66244379,72.83833336,72.78133208,73.04996295,73.00456205,72.67582994,72.81318024
2464.098,72.67080984,72.84839704,72.7880358,73.06173816,73.01632994,72.68587117,72.82324044
2463.616,72.67917686,72.86013977,72.79641631,73.07351527,73.02641822,72.69423992,72.82994802
2463.134,72.68419753,72.87020646,72.80312142,73.08361145,73.03482618,72.7042837,72.83665622
2462.652,72.68921855,72.88027455,72.81318024,73.09370902,73.04323511,72.71265457,72.84336503
2462.17,72.69423992,72.89202241,72.82324044,73.10380799,73.0533271,72.72437541,72.85007446
2461.688,72.69926164,72.90209351,72.83497911,73.11390835,73.06173816,72.73609814,72.85846212
2461.206,72.70763193,72.91048715,72.84839704,73.12401011,73.07183271,72.74782276,72.86852858
2460.724,72.71432886,72.91888177,72.86181745,73.13074539,73.07856319,72.75787393,72.87859644
2460.241,72.7210264,72.92223988,72.87188438,73.13411326,73.08529428,72.76457549,72.88698738
2459.759,72.72437541,72.92559815,72.88027455,73.13579725,73.08866006,72.7679265,72.89370083
2459.277,72.72604997,72.92727735,72.88530911,73.13411326,73.09202599,72.76960206,72.89705778
2458.795,72.72604997,72.92895658,72.89034403,73.1324293,73.09370902,72.77127766,72.89873632
2458.313,72.72772457,72.93231516,72.89370083,73.1324293,73.09707519,72.7729533,72.90041489
2457.831,72.73274859,72.93903278,72.89873632,73.13411326,73.10212473,72.7763047,72.90377216
2457.349,72.73944783,72.94575103,72.90545085,73.13748129,73.10885799,72.77965625,72.90712958
2456.867,72.74614769,72.95246989,72.91048715,73.14421781,73.11727545,72.78468386,72.912166
2456.384,72.75284817,72.95918937,72.91384488,73.15095495,73.12401011,72.7880358,72.91720277
2455.902,72.75954926,72.96254934,72.91552381,73.15769271,73.13074539,72.78971182,72.92056081
2455.42,72.76290004,72.96590947,72.91720277,73.16443109,73.13579725,72.78971182,72.92559815
2454.938,72.76625097,72.96758959,72.91888177,73.17285495,73.14084947,72.79138789,72.92895658
2454.456,72.76960206,72.97263018,72.92223988,73.18127977,73.14590204,72.79474013,72.93399451
2453.974,72.7729533,72.97935152,72.92895658,73.19139083,73.15263933,72.80144508,72.94071229
2453.492,72.77965625,72.98775406,72.93903278,73.2015033,73.16106183,72.80982714,72.94743068
2453.01,72.78635981,72.99783839,72.95079011,73.21330294,73.16948529,72.81988689,72.95582955
2452.528,72.79306399,73.00624306,72.96422938,73.22341843,73.17622476,72.82994802,72.96422938
2452.045,72.79976879,73.01632994,72.97599078,73.23184907,73.18127977,72.84001055,72.97094995
2451.563,72.8064742,73.02473674,72.98607348,73.24028068,73.18802032,72.85007446,72.97935152
2451.081,72.81485684,73.03314451,72.99615757,73.2503999,73.1947615,72.86013977,72.98775406
2450.599,72.82324044,73.04491701,73.00624306,73.25883365,73.20318884,72.87020646,72.99783839
2450.117,72.83162501,73.05669141,73.01632994,73.27064253,73.21498875,72.88363089,73.01128633
2449.635,72.84168777,73.07015019,73.02473674,73.28076594,73.22679057,72.89537929,73.02473674
2449.153,72.85175191,73.08192866,73.03314451,73.29089075,73.24028068,72.90712958,73.03818964
2448.671,72.86181745,73.09202599,73.03818964,73.29764141,73.25377328,72.91720277,73.05164501
2448.188,72.87020646,73.09707519,73.03987142,73.3027048,73.26220742,72.923919,73.06173816
2447.706,72.87691836,73.10044151,73.04155325,73.30608059,73.27064253,72.92895658,73.07015019
2447.224,72.88530911,73.10212473,73.04491701,73.31114457,73.27739132,72.93231516,73.07856319
2446.742,72.89370083,73.10549128,73.04828093,73.31958532,73.28582817,72.93735332,73.08529428
2446.26,72.90545085,73.11222486,73.05500924,73.32971549,73.29595368,72.94407141,73.09202599
2445.778,72.91888177,73.1206427,73.06510286,73.34322457,73.30608059,72.95246989,73.09875833
2445.296,72.93231516,73.1324293,73.07688051,73.35673613,73.31789709,72.96422938,73.10549128
2444.814,72.94407141,73.14421781,73.09034301,73.3685608,73.32971549,72.97599078,73.11390835
2444.332,72.95582955,73.15600821,73.10044151,73.38038736,73.33984707,72.98943469,73.1206427
2443.849,72.96758959,73.16611579,73.11222486,73.38883608,73.34829111,73.00288108,73.12906151
2443.367,72.97935152,73.17790972,73.12232638,73.39728577,73.35673613,73.01632994,73.13916536
2442.885,72.99111535,73.19139083,73.13579725,73.40573643,73.36687144,73.02978129,73.15095495
2442.403,73.00456205,73.20487443,73.14927061,73.41756899,73.37869774,73.04491701,73.16611579
2441.921,73.01969255,73.22004644,73.16274644,73.43109425,73.39221584,73.05837362,73.18127977
2441.439,73.03482618,73.2352216,73.17790972,73.44631315,73.40573643,73.07183271,73.19813232
2440.957,73.04828093,73.2503999,73.19307615,73.4615352,73.41925951,73.08361145,73.21161716
2440.475,73.06005587,73.26558135,73.20656005,73.47676041,73.43278508,73.09370902,73.22510448
2439.993,73.07183271,73.27907861,73.22004644,73.49198877,73.444622,73.10380799,73.23859428
2439.51,73.08361145,73.294266,73.23353531,73.50722029,73.45646083,73.11559188,73.2503999
2439.028,73.09539208,73.30945654,73.2503999,73.5241479,73.47168499,73.12906151,73.26220742
2438.546,73.11054141,73.32633861,73.26726837,73.54107941,73.4869123,73.14253362,73.27401685
2438.064,73.12569387,73.3415358,73.28414072,73.55462743,73.50214276,73.15769271,73.28582817
2437.582,73.14084947,73.35504705,73.29932917,73.56817794,73.51568361,73.16948529,73.29595368
2437.1,73.15095495,73.36349285,73.31114457,73.57495413,73.52584088,73.17959473,73.3027048
2436.618,73.15937725,73.37025019,73.31958532,73.58003668,73.53261317,73.18633513,73.30608059
2436.136,73.16443109,73.37362909,73.32633861,73.58173094,73.5376928,73.18970556,73.30945654
2435.653,73.16948529,73.37869774,73.33309253,73.58342525,73.54107941,73.1947615,73.31452075
2435.171,73.17622476,73.38545648,73.3415358,73.58681397,73.54785311,73.19981779,73.32296189
2434.689,73.18633513,73.39559575,73.35335801,73.59359187,73.5563211,73.20993142,73.33309253
2434.207,73.19981779,73.40911697,73.36687144,73.60375991,73.56648399,73.22173241,73.34660223
2433.725,73.21330294,73.42433131,73.38038736,73.61392934,73.58003668,73.2352216,73.36349285
2433.243,73.22679057,73.43785782,73.39390578,73.62240495,73.59189734,73.24871327,73.37700815
2432.761,73.23690792,73.44800433,73.40404622,73.63088153,73.60375991,73.26220742,73.39052594
2432.279,73.24702667,73.45815225,73.41249766,73.6376635,73.61392934,73.27401685,73.40235605
2431.797,73.25714682,73.46830157,73.41925951,73.64614183,73.62410019,73.28582817,73.41418806
2431.314,73.26895543,73.47845229,73.42433131,73.65631713,73.63596795,73.30101696,73.4277127
2430.832,73.28414072,73.49198877,73.43109425,73.66988637,73.64953344,73.31789709,73.4429309
2430.35,73.30101696,73.50552774,73.4395488,73.68515476,73.66479761,73.33646972,73.45815225
2429.868,73.31789709,73.52076207,73.44969555,73.70212335,73.68006495,73.35504705,73.47506856
2429.386,73.33309253,73.53430634,73.45984371,73.71739842,73.69363857,73.37193962,73.49029657
2428.904,73.34660223,73.54615962,73.46999326,73.73097891,73.70551753,73.38545648,73.50383523
2428.422,73.35673613,73.5563211,73.48183618,73.74456191,73.71739842,73.39559575,73.51737639
2427.94,73.36687144,73.56987193,73.49537328,73.75814742,73.72928122,73.40573643,73.53092004
2427.457,73.37700815,73.58511959,73.51229816,73.77173542,73.7428639,73.41587851,73.54615962
2426.975,73.39052594,73.60206514,73.53430634,73.78872395,73.75984578,73.42602199,73.5630962
2426.493,73.40573643,73.62410019,73.55462743,73.80741584,73.77513281,73.4395488,73.58173094
2426.011,73.42264067,73.64444609,73.57495413,73.82611247,73.79042301,73.45138682,73.59867571
2425.529,73.43785782,73.66310144,73.59189734,73.84141324,73.80401696,73.46322673,73.61223434
2425.047,73.45138682,73.67836842,73.60375991,73.85671718,73.81251445,73.47506856,73.62410019
2424.565,73.4615352,73.68854816,73.61053938,73.86692157,73.81931315,73.48352818,73.63257696
2424.083,73.47168499,73.69872932,73.61731947,73.87712736,73.82611247,73.493681,73.63935909
2423.601,73.48352818,73.70721469,73.62410019,73.88733457,73.83291242,73.50383523,73.64953344
2423.118,73.49537328,73.71739842,73.63257696,73.89754319,73.84311352,73.51906921,73.6597092
2422.636,73.50891287,73.72928122,73.64614183,73.90945503,73.85671718,73.53599955,73.6715827
2422.154,73.5241479,73.7428639,73.6597092,73.9230709,73.87202429,73.55462743,73.68515476
2421.672,73.53599955,73.75475081,73.67327907,73.93328446,73.88733457,73.57156595,73.69703236
2421.19,73.54615962,73.7649411,73.68345812,73.94520206,73.90094637,73.58850838,73.70721469
2420.708,73.55462743,73.77683157,73.69363857,73.95541867,73.91285876,73.60375991,73.71739842
2420.226,73.5630962,73.78872395,73.70382042,73.96733984,73.92647527,73.61731947,73.72588593
2419.744,73.57326002,73.80231758,73.71400368,73.98096638,73.94009428,73.63088153,73.7377701
2419.261,73.58511959,73.82101292,73.72588593,73.99629924,73.95541867,73.64444609,73.75135435
2418.779,73.60037041,73.839713,73.74116593,74.01504372,73.9724495,73.65801315,73.76833818
2418.297,73.61731947,73.86011848,73.75644909,74.03208827,73.98948424,73.66988637,73.78532593
2417.815,73.63427243,73.8754263,73.77173542,74.04743173,74.00652291,73.68006495,73.80061824
2417.333,73.64783762,73.88903591,73.78532593,74.05936773,74.02015667,73.68685144,73.81421407
2416.851,73.65801315,73.89754319,73.79552045,74.06960011,74.03208827,73.69194173,73.82271273
2416.369,73.66649383,73.90264803,73.80401696,74.07812818,74.0440218,73.69703236,73.83121238
2415.887,73.67327907,73.90775322,73.81081488,74.08836316,74.05595725,73.70382042,73.839713
2415.405,73.68006495,73.91456069,73.82101292,74.10030576,74.06960011,73.71400368,73.8482146
2414.922,73.68685144,73.9230709,73.83121238,74.11566335,74.0832455,73.72588593,73.85841781
2414.44,73.69533544,73.93328446,73.84311352,74.13102413,74.09689339,73.74116593,73.87032334
2413.958,73.70382042,73.94349943,73.85671718,74.14638809,74.10883736,73.75644909,73.88223079
2413.476,73.71230638,73.9537158,73.86862243,74.16004762,74.11907658,73.77173542,73.89414016
2412.994,73.72249081,73.96563669,73.88052961,74.17200177,74.12761035,73.78532593,73.90605145
2412.512,73.73267665,73.97755951,73.8924387,74.18224972,74.1361451,73.79891894,73.9196667
2412.03,73.74456191,73.99118793,73.90434972,74.19249908,74.14638809,73.81251445,73.93328446
2411.548,73.75984578,74.00822699,73.91626265,74.20274986,74.15834004,73.82611247,73.94690473
2411.066,73.77683157,74.02526998,73.92817751,74.2147109,74.17370966,73.84141324,73.96223053
2410.583,73.79382127,74.0440218,73.94009428,74.22667386,74.18737422,73.85501658,73.97755951
2410.101,73.81081488,74.06107303,73.95031019,74.23692936,74.20274986,73.86862243,73.99118793
2409.619,73.8278124,74.07642249,73.95882452,74.24718628,74.21641977,73.87882847,74.00481887
2409.137,73.84311352,74.09006913,73.97074624,74.25744462,74.22838301,73.89073729,74.02015667
2408.655,73.86011848,74.10713096,73.98266987,74.26941447,74.24205764,73.90264803,74.03720241
2408.173,73.88223079,74.12590352,74.0014109,74.2865176,74.25915448,73.9196667,74.05595725
2407.691,73.90775322,74.14809539,74.0269745,74.30875756,74.28138625,73.94009428,74.08153969
2407.209,73.93839177,74.17370966,74.05595725,74.33785064,74.30704656,73.96733984,74.10883736
2406.726,73.9724495,74.2010413,74.08836316,74.36866748,74.33613897,73.99629924,74.13785216
2406.244,74.00652291,74.2300922,74.11907658,74.40121024,74.36524276,74.0269745,74.16687833
2405.762,74.03720241,74.25744462,74.14809539,74.43205335,74.39435795,74.05595725,74.19249908
2405.28,74.06618916,74.28480711,74.17370966,74.45948018,74.41834372,74.08153969,74.2147109
2404.798,74.09006913,74.30875756,74.19591585,74.48348695,74.44062315,74.1054246,74.23692936
2404.316,74.1105438,74.33442733,74.2147109,74.50235485,74.4611947,74.12761035,74.25744462
2403.834,74.12590352,74.36010597,74.23180143,74.51951162,74.48005694,74.14809539,74.27796554
2403.352,74.14126642,74.38579347,74.24889591,74.5349561,74.49720858,74.16687833,74.30020294
2402.87,74.15321754,74.40977649,74.26599431,74.54697068,74.51436417,74.18224972,74.32073569
2402.387,74.16346289,74.43033951,74.28138625,74.5589872,74.52980758,74.1976243,74.33956235
2401.905,74.17370966,74.4474797,74.29678137,74.56928862,74.54353775,74.21129326,74.35496953
2401.423,74.18224972,74.46290925,74.31046861,74.58130874,74.5589872,74.22325567,74.36866748
2400.941,74.19249908,74.47491222,74.32586976,74.59676602,74.57443986,74.23522001,74.38236796
2400.459,74.2061671,74.48691712,74.34298589,74.61394454,74.59161324,74.25060557,74.39435795
2399.977,74.22325567,74.50063939,74.36181819,74.63284548,74.61050852,74.26770437,74.40806316
2399.495,74.24205764,74.51436417,74.38236796,74.65347014,74.63112701,74.2865176,74.42177089
2399.013,74.2642843,74.52809149,74.40463662,74.67410051,74.6500323,74.30704656,74.43890911
2398.53,74.28480711,74.54353775,74.42519822,74.69301669,74.67066172,74.32758119,74.45605128
2398.048,74.30362467,74.55727044,74.44405135,74.71021737,74.68957703,74.34640959,74.47319739
2397.566,74.322447,74.57100566,74.46290925,74.72570137,74.70849712,74.36353046,74.49377794
2397.084,74.33956235,74.58646081,74.48005694,74.74290958,74.72742201,74.38236796,74.51436417
2396.602,74.35496953,74.60535479,74.49720858,74.76012175,74.74807282,74.40292341,74.53667235
2396.12,74.37209237,74.62597186,74.51436417,74.78078159,74.77217263,74.42519822,74.56070401
2395.638,74.38921915,74.6500323,74.53323989,74.80316953,74.79628022,74.4474797,74.58474341
2395.156,74.40634987,74.6723811,74.55040378,74.82556417,74.81867279,74.4714826,74.60707266
2394.674,74.42348454,74.69129684,74.56757162,74.84624209,74.83762559,74.49206268,74.62425355
2394.191,74.43890911,74.70677692,74.58130874,74.86347806,74.853136,74.50921708,74.63800111
2393.709,74.45262253,74.7188192,74.59333079,74.87899382,74.86347806,74.52465943,74.64831344
2393.227,74.46805314,74.72742201,74.60535479,74.89278832,74.87382155,74.53667235,74.6603463
2392.745,74.48348695,74.7377467,74.61909887,74.90658535,74.88416646,74.55040378,74.6723811
2392.263,74.50235485,74.74979398,74.63456398,74.92383521,74.8979619,74.56413773,74.68785726
2391.781,74.52294345,74.76356466,74.65347014,74.94281465,74.91348482,74.57959146,74.70849712
2391.299,74.54353775,74.7825035,74.6723811,74.9617989,74.93246163,74.59676602,74.7291427
2390.817,74.56413773,74.79972479,74.69129684,74.98251447,74.9531691,74.61566261,74.74807282
2390.334,74.58474341,74.81867279,74.71021737,75.00150877,74.97388229,74.63112701,74.76700773
2389.852,74.60363695,74.83762559,74.72742201,75.02050789,74.9928744,74.64659462,74.78422546
2389.37,74.62081705,74.85485958,74.74290958,75.03951182,75.01359856,74.6603463,74.79972479
2388.888,74.63800111,74.87209753,74.76012175,75.05679229,75.03087307,74.6723811,74.81522735
2388.406,74.65518912,74.88933945,74.77905972,75.07407675,75.04987962,74.68441783,74.83073311
2387.924,74.6723811,74.90658535,74.79628022,75.09136518,75.0637056,74.69645651,74.84624209
2387.442,74.68785726,74.92038492,74.81350468,75.1051988,75.07580541,74.70677692,74.86003055
2386.96,74.69989649,74.93246163,74.82728711,75.11557568,75.08444933,74.71537835,74.87209753
2386.478,74.70849712,74.94108905,74.83934881,75.1224944,75.08963616,74.72398077,74.880718
2385.995,74.71365798,74.9479917,74.84624209,75.12422418,75.09136518,74.7291427,74.88589075
2385.513,74.7188192,74.9531691,74.85141246,75.12768386,75.09309425,74.7377467,74.88761508
2385.031,74.72226021,74.95834686,74.85485958,75.12941376,75.09655249,74.74463062,74.88933945
2384.549,74.72742201,74.9652511,74.85830685,75.13460369,75.10346946,74.75323641,74.89278832
2384.067,74.73430498,74.97388229,74.86175428,75.14152416,75.11211656,74.76184319,74.89623734
2383.585,74.74118858,74.97906148,74.86347806,75.14844527,75.11903496,74.76872933,74.8979619
2383.103,74.74463062,74.98251447,74.86347806,75.15190607,75.125954,74.77045096,74.89968651
2382.621,74.7463517,74.98078795,74.86175428,75.15363652,75.12768386,74.76700773,74.89968651
2382.139,74.74290958,74.97560864,74.8565832,75.15017565,75.125954,74.76012175,74.89623734
2381.656,74.7377467,74.9652511,74.84796551,75.14325438,75.12076466,74.74979398,74.89106386
2381.174,74.7291427,74.9531691,74.83934881,75.13460369,75.11211656,74.7377467,74.88589075
2380.692,74.72053968,74.94108905,74.83073311,75.12422418,75.10346946,74.72570137,74.87899382
2380.21,74.70849712,74.92728566,74.82039558,75.11211656,75.09482335,74.71365798,74.87209753
2379.728,74.69473658,74.91520978,74.81005947,75.09828167,75.08444933,74.69989649,74.86175428
2379.246,74.67753946,74.90313585,74.79800249,75.08444933,75.07234812,74.68613752,74.84968897
2378.764,74.65690814,74.88933945,74.78422546,75.06889099,75.05852056,74.67066172,74.83417927
2378.282,74.63800111,74.87726969,74.77217263,75.05333588,75.04296759,74.65518912,74.81695005
2377.799,74.62081705,74.86692573,74.76184319,75.04123969,75.03087307,74.6431571,74.80316953
2377.317,74.61050852,74.86175428,74.75840036,75.0360562,75.02396279,74.63628253,74.79628022
2376.835,74.61050852,74.86347806,74.76184319,75.03951182,75.0256903,74.63971973,74.79972479
2376.353,74.62081705,74.87209753,74.77389435,75.05333588,75.0360562,74.6517512,74.81178206
2375.871,74.6414384,74.88933945,74.7928358,75.07580541,75.05506407,74.6723811,74.83245617
2375.389,74.66894238,74.910035,74.81695005,75.10346946,75.07926286,74.69989649,74.86003055
2374.907,74.69989649,74.93591248,74.84107207,75.13460369,75.10692818,74.72742201,74.88933945
2374.425,74.73430498,74.96352498,74.86520187,75.16575083,75.13633375,74.756679,74.92038492
2373.943,74.76872933,74.99114765,74.88933945,75.19691089,75.16748161,74.78594745,74.94971746
2373.46,74.80316953,75.02050789,74.91175989,75.22635169,75.19691089,74.81178206,74.97906148
2372.978,74.83417927,75.04987962,74.93246163,75.2540712,75.22635169,74.83417927,75.0049628
2372.496,74.85830685,75.07580541,74.95144326,75.27660083,75.25060571,74.85141246,75.02914544
2372.014,74.8755456,75.09482335,74.96697725,75.29046857,75.26966792,74.86347806,75.04642353
2371.532,74.88244221,75.10692818,74.97560864,75.2974034,75.27833416,74.87037356,75.05679229
2371.05,74.88244221,75.1086576,74.98078795,75.2974034,75.28006753,74.86864962,75.06197721
2370.568,74.8755456,75.1051988,74.98251447,75.29220222,75.27486755,74.86692573,75.06197721
2370.086,74.86864962,75.09828167,74.98424103,75.28873497,75.26793479,74.86520187,75.06197721
2369.603,74.86347806,75.09309425,74.98942093,75.28873497,75.26446866,74.86864962,75.0637056
2369.121,74.86347806,75.09136518,74.99805491,75.29046857,75.26273565,74.8755456,75.06543402
2368.639,74.86347806,75.08963616,75.00323577,75.29393591,75.26100268,74.88416646,75.06543402
2368.157,74.86347806,75.08790718,75.0049628,75.29220222,75.25926975,74.88761508,75.06197721
2367.675,74.86003055,75.08272047,75.00150877,75.28526787,75.25233844,74.88589075,75.05160773
2367.193,74.85485958,75.07753412,74.99114765,75.27486755,75.24540776,74.880718,75.03951182
2366.711,74.85485958,75.07407675,74.98251447,75.26446866,75.24021017,74.87382155,75.03087307
2366.229,74.86347806,75.07926286,74.98078795,75.26446866,75.24194266,74.8755456,75.03260074
2365.747,74.88244221,75.09655249,74.98942093,75.2731343,75.25580401,74.88416646,75.04642353
2365.264,74.90658535,75.1224944,75.01014414,75.29220222,75.27660083,74.90141116,75.07061954
2364.782,74.93073627,75.14844527,75.0360562,75.31474327,75.29913721,74.91865984,75.09482335
2364.3,74.94626597,75.17094328,75.05852056,75.33208712,75.31474327,74.93246163,75.1138461
2363.818,74.95144326,75.18479155,75.07407675,75.3442302,75.32341469,74.93936349,75.12422418
2363.336,74.9531691,75.19171665,75.08444933,75.35464011,75.32688355,74.94454029,75.12768386
2362.854,74.9617989,75.2038371,75.09655249,75.37199315,75.33729106,74.95834686,75.13806385
2362.372,74.98769426,75.22461956,75.12076466,75.4032387,75.36158085,74.98769426,75.1640201
2361.89,75.02914544,75.25926975,75.15536702,75.44839404,75.39803021,75.03260074,75.20210548
2361.407,75.07926286,75.29913721,75.19344802,75.49357641,75.43970822,75.08099164,75.24540776
2360.925,75.11903496,75.33035256,75.22288747,75.52835049,75.47271965,75.11903496,75.28006753
2360.443,75.13806385,75.34770001,75.23674531,75.54226461,75.49009988,75.13633375,75.29566963
2359.961,75.13633375,75.34943497,75.23501294,75.53878584,75.49009988,75.13287367,75.29220222
2359.479,75.12941376,75.34596508,75.22808386,75.53008962,75.48488539,75.12422418,75.28526787
2358.997,75.12941376,75.34943497,75.22808386,75.53182878,75.49009988,75.12422418,75.28873497
2358.515,75.14671493,75.36331613,75.24367519,75.54922263,75.50574552,75.13979399,75.30433887
2358.033,75.17267417,75.38414266,75.26620171,75.57532092,75.53008962,75.1640201,75.33035256
2357.551,75.19864238,75.40844756,75.29046857,75.59968745,75.55270188,75.18825402,75.35464011
2357.068,75.22115541,75.42928656,75.30954089,75.61883809,75.56836049,75.20730044,75.37199315
2356.586,75.23674531,75.44665679,75.3251491,75.63102739,75.57706112,75.22115541,75.38414266
2356.104,75.24887302,75.46055586,75.33729106,75.63799359,75.58228198,75.23154832,75.39282208
2355.622,75.25580401,75.47098184,75.34596508,75.64321865,75.58576275,75.24021017,75.39629413
2355.14,75.25926975,75.47967126,75.35116998,75.64670223,75.5875032,75.24540776,75.39803021
2354.658,75.26446866,75.48836168,75.3598456,75.6519279,75.59272478,75.25233844,75.4032387
2354.176,75.27486755,75.50052995,75.37025767,75.66238033,75.60490987,75.26446866,75.41192032
2353.694,75.29566963,75.5213944,75.39108612,75.68154685,75.62754453,75.28353438,75.43276029
2353.212,75.32688355,75.54922263,75.41712977,75.71117739,75.65889602,75.3130091,75.46576867
2352.729,75.36158085,75.57706112,75.44491959,75.74605171,75.69374626,75.34596508,75.50226843
2352.247,75.38935019,75.59968745,75.46924408,75.77570751,75.721638,75.37025767,75.53356799
2351.765,75.39976634,75.60839168,75.48140926,75.78966719,75.73384387,75.3824069,75.55096224
2351.283,75.39282208,75.60490987,75.47967126,75.78792209,75.73210006,75.37719985,75.55270188
2350.801,75.37719985,75.59620603,75.47271965,75.77745233,75.721638,75.36331613,75.54226461
2350.319,75.36505146,75.59098421,75.46576867,75.76872863,75.71117739,75.35116998,75.53356799
2349.837,75.36158085,75.59272478,75.46750636,75.76698401,75.7094341,75.35116998,75.53182878
2349.355,75.37199315,75.60490987,75.4779333,75.77745233,75.71989447,75.36158085,75.54052521
2348.872,75.39282208,75.62580316,75.4970531,75.7983933,75.74081954,75.38414266,75.55966086
2348.39,75.41886634,75.64844408,75.51791659,75.82108589,75.76523943,75.41018392,75.58402235
2347.908,75.44491959,75.66934941,75.53878584,75.84553166,75.78792209,75.43449721,75.60665076
2347.426,75.46403103,75.68503219,75.55444157,75.86125096,75.80537491,75.45186864,75.62232055
2346.944,75.47445749,75.69374626,75.56140071,75.86998531,75.81235717,75.45881834,75.63102739
2346.462,75.47271965,75.69200336,75.56314059,75.86823836,75.81061155,75.45360601,75.63102739
2345.98,75.46229343,75.68677493,75.55618129,75.85950421,75.80013865,75.44318243,75.62406184
2345.498,75.44665679,75.67631913,75.54922263,75.84902456,75.78792209,75.42928656,75.61361471
2345.016,75.4310234,75.66586479,75.53878584,75.83854635,75.77570751,75.41712977,75.60142822
2344.533,75.41712977,75.65541188,75.53008962,75.82806959,75.76698401,75.40844756,75.59272478
2344.051,75.4032387,75.64496042,75.51965547,75.81759428,75.76000593,75.4015025,75.58402235
2343.569,75.39108612,75.63451041,75.50748412,75.80362945,75.7530285,75.39455809,75.57184062
2343.087,75.37719985,75.62232055,75.49531473,75.78966719,75.74605171,75.38414266,75.56140071
2342.605,75.36678682,75.61361471,75.48662352,75.77570751,75.73907556,75.37372868,75.55096224
2342.123,75.36505146,75.61361471,75.48314731,75.77047329,75.73907556,75.36852222,75.54748307
2341.641,75.37372868,75.6205793,75.49183813,75.77745233,75.74779585,75.37025767,75.55618129
2341.159,75.38935019,75.63799359,75.50922277,75.79490274,75.76349489,75.3824069,75.57184062
2340.676,75.40497495,75.65541188,75.52835049,75.81584854,75.78094209,75.39803021,75.59098421
2340.194,75.41365677,75.66760708,75.54574354,75.82981562,75.79141233,75.40844756,75.60316902
2339.712,75.41365677,75.67283419,75.55096224,75.83680013,75.79141233,75.41192032,75.60316902
2339.23,75.40671123,75.66934941,75.54922263,75.83505394,75.78443201,75.41018392,75.59446539
2338.748,75.4015025,75.66412254,75.54052521,75.82981562,75.77570751,75.40671123,75.58228198
2338.266,75.39976634,75.66238033,75.53008962,75.82632361,75.76698401,75.4032387,75.57010054
2337.784,75.40497495,75.66412254,75.5213944,75.82632361,75.76175039,75.40497495,75.56140071
2337.302,75.41365677,75.66760708,75.51443894,75.82981562,75.76000593,75.40671123,75.55792106
2336.82,75.42407627,75.67109178,75.50922277,75.83330779,75.76000593,75.40844756,75.55792106
2336.337,75.42928656,75.67283419,75.50400695,75.83680013,75.75826151,75.40671123,75.55792106
2335.855,75.43276029,75.67109178,75.50226843,75.83854635,75.75651714,75.4032387,75.55966086
2335.373,75.43449721,75.67109178,75.50574552,75.84029262,75.75826151,75.4015025,75.56662049
2334.891,75.43970822,75.67631913,75.51965547,75.84727809,75.76698401,75.40497495,75.57880137
2334.409,75.45534341,75.69026051,75.54226461,75.86299775,75.78617703,75.41712977,75.59968745
2333.927,75.4779333,75.71292073,75.57358075,75.88920443,75.81759428,75.4414453,75.63102739
2333.445,75.50922277,75.74430761,75.61013265,75.92066439,75.8577575,75.47619537,75.66760708
2332.963,75.54226461,75.77570751,75.64670223,75.95388628,75.89968963,75.51270017,75.70420446
2332.48,75.57184062,75.80537491,75.67806167,75.98362345,75.93989634,75.54922263,75.73384387
2331.998,75.59272478,75.82806959,75.70071823,76.00812162,75.96962803,75.57706112,75.75651714
2331.516,75.60490987,75.84378527,75.7146641,76.02387462,75.99237189,75.59620603,75.76872863
2331.034,75.60839168,75.8542642,75.72338158,76.03437843,76.0046214,75.60665076,75.77221799
2330.552,75.60665076,75.85950421,75.72861254,76.03963088,76.00812162,75.60839168,75.77221799
2330.07,75.60142822,75.85950421,75.73210006,76.03963088,76.00812162,75.60665076,75.76872863
2329.588,75.59272478,75.8577575,75.73558773,76.03788002,76.00112134,75.59794672,75.76349489
2329.106,75.58054165,75.84902456,75.73558773,76.030877,75.98887239,75.58576275,75.7530285
2328.624,75.56314059,75.83156169,75.72861254,76.01687288,75.97137732,75.56836049,75.73733162
2328.141,75.53878584,75.80712042,75.71292073,75.99587155,75.94514227,75.54400406,75.7146641
2327.659,75.50574552,75.77396273,75.6885177,75.96612958,75.91017629,75.51270017,75.68154685
2327.177,75.46055586,75.73210006,75.65366987,75.92590899,75.86474458,75.47098184,75.63625198
2326.695,75.40497495,75.6832895,75.60665076,75.87697352,75.80886596,75.42060294,75.58054165
2326.213,75.33555637,75.62754453,75.55096224,75.81584854,75.74256355,75.3581104,75.51270017
2325.731,75.25753686,75.56662049,75.48662352,75.74779585,75.66934941,75.2870014,75.43797118
2325.249,75.17613608,75.50400695,75.41886634,75.67283419,75.59272478,75.21076395,75.3598456
2324.767,75.10001089,75.44318243,75.35637523,75.60316902,75.52313336,75.13979399,75.2870014
2324.285,75.04123969,75.39455809,75.30260494,75.54400406,75.46750636,75.08099164,75.22981607
2323.802,75.01014414,75.36505146,75.26966792,75.50748412,75.43449721,75.04642353,75.19691089
2323.32,75.01359856,75.35637523,75.26273565,75.4970531,75.4310234,75.04123969,75.19517943
2322.838,75.04642353,75.37199315,75.27833416,75.51443894,75.45534341,75.0637056,75.2194234
2322.356,75.10346946,75.40497495,75.31127497,75.55270188,75.4987915,75.1051988,75.26620171
2321.874,75.16748161,75.44839404,75.35290502,75.60142822,75.54922263,75.15709755,75.319946
2321.392,75.22635169,75.49009988,75.39455809,75.64844408,75.59620603,75.20730044,75.37199315
2320.91,75.26966792,75.52313336,75.42407627,75.68503219,75.63102739,75.24540776,75.41018392
2320.428,75.29566963,75.54400406,75.44318243,75.70769084,75.6519279,75.26966792,75.43276029
2319.945,75.30780684,75.55618129,75.45186864,75.721638,75.66063815,75.28180094,75.44491959
2319.463,75.31474327,75.56314059,75.45708085,75.72686885,75.66760708,75.28873497,75.45186864
2318.981,75.32341469,75.57010054,75.46229343,75.73384387,75.67631913,75.29566963,75.46229343
2318.499,75.33729106,75.57880137,75.47098184,75.74430761,75.69200336,75.30607283,75.4779333
2318.017,75.35637523,75.58924369,75.48488539,75.75651714,75.71292073,75.32168033,75.4987915
2317.535,75.37546424,75.60142822,75.4987915,75.77047329,75.73384387,75.33902578,75.5213944
2317.053,75.38935019,75.61013265,75.51096145,75.78268703,75.7547728,75.35464011,75.54226461
2316.571,75.39803021,75.61709692,75.51965547,75.79315752,75.77047329,75.36505146,75.55792106
2316.089,75.39976634,75.6205793,75.52487237,75.7983933,75.78094209,75.37372868,75.56836049
2315.606,75.39803021,75.62580316,75.53008962,75.80362945,75.78617703,75.38067117,75.57358075
2315.124,75.39629413,75.62928594,75.53530723,75.80712042,75.78966719,75.38761431,75.57706112
2314.642,75.39455809,75.63451041,75.54226461,75.81061155,75.78966719,75.39455809,75.57880137
2314.16,75.39282208,75.63799359,75.54574354,75.81235717,75.78792209,75.39976634,75.57706112
2313.678,75.38935019,75.63973524,75.54574354,75.81061155,75.78268703,75.39976634,75.57010054
2313.196,75.38067117,75.63451041,75.53878584,75.80188403,75.77047329,75.39282208,75.55618129
2312.714,75.36852222,75.62406184,75.52661141,75.78617703,75.7547728,75.38067117,75.53704652
2312.232,75.35290502,75.61013265,75.50748412,75.76872863,75.73558773,75.3598456,75.51270017
2311.749,75.33555637,75.59620603,75.48662352,75.74779585,75.71640752,75.33902578,75.48836168
2311.267,75.31821172,75.58228198,75.46750636,75.73035628,75.70071823,75.31647747,75.46576867
2310.785,75.30607283,75.57010054,75.45186864,75.71815097,75.6885177,75.2974034,75.44839404
2310.303,75.2974034,75.56140071,75.43970822,75.71117739,75.68154685,75.28353438,75.43623417
2309.821,75.29220222,75.55444157,75.43276029,75.70769084,75.67631913,75.2731343,75.42754976
2309.339,75.29046857,75.54922263,75.42928656,75.70769084,75.67283419,75.26620171,75.42407627
2308.857,75.29220222,75.54574354,75.42928656,75.71117739,75.67109178,75.26446866,75.42581299
2308.375,75.29913721,75.54574354,75.43449721,75.71989447,75.67457664,75.26620171,75.4310234
2307.893,75.31127497,75.55096224,75.44491959,75.73210006,75.68154685,75.27660083,75.44318243
2307.41,75.32861803,75.56140071,75.46229343,75.74954002,75.69548919,75.29220222,75.46055586
2306.928,75.34943497,75.57880137,75.48314731,75.77047329,75.7146641,75.3130091,75.48488539
2306.446,75.37199315,75.59968745,75.50574552,75.79141233,75.73558773,75.33555637,75.50922277
2305.964,75.39455809,75.6205793,75.53008962,75.81235717,75.75826151,75.3598456,75.53530723
2305.482,75.41192032,75.64147692,75.55096224,75.82806959,75.77745233,75.38067117,75.55618129
2305,75.42581299,75.65889602,75.56836049,75.84203893,75.79490274,75.39803021,75.57358075
2304.518,75.43623417,75.67631913,75.58402235,75.85251762,75.81061155,75.41018392,75.58576275
2304.036,75.44665679,75.69374626,75.59794672,75.86125096,75.82632361,75.42233958,75.59794672
2303.553,75.45881834,75.71292073,75.61187366,75.86998531,75.84029262,75.43276029,75.60839168
2303.071,75.47271965,75.73035628,75.62580316,75.87872067,75.85601083,75.44318243,75.6205793
2302.589,75.48488539,75.74605171,75.63625198,75.88745704,75.86823836,75.45186864,75.63276888
2302.107,75.49531473,75.75651714,75.64670223,75.89269934,75.87697352,75.46055586,75.64321865
2301.625,75.50226843,75.76349489,75.65018597,75.8961944,75.8822151,75.46576867,75.6519279
2301.143,75.50400695,75.76349489,75.6519279,75.897942,75.88570968,75.47098184,75.65715393
2300.661,75.50400695,75.76349489,75.65366987,75.89968963,75.88570968,75.47619537,75.66238033
2300.179,75.50400695,75.76349489,75.65541188,75.90493278,75.88920443,75.48314731,75.66760708
2299.697,75.50400695,75.76523943,75.65889602,75.91367216,75.89269934,75.49183813,75.67457664
2299.214,75.50574552,75.76872863,75.66412254,75.92241255,75.89968963,75.50052995,75.68154685
2298.732,75.50748412,75.77396273,75.66934941,75.93290234,75.90493278,75.50748412,75.68677493
2298.25,75.50748412,75.77570751,75.67283419,75.93814778,75.90842841,75.51270017,75.6885177
2297.768,75.50226843,75.77745233,75.67109178,75.93814778,75.90668058,75.51096145,75.68677493
2297.286,75.4970531,75.77396273,75.66760708,75.93465078,75.90143731,75.50748412,75.68154685
2296.804,75.48836168,75.76872863,75.66238033,75.92765726,75.89444685,75.50052995,75.67283419
2296.322,75.47967126,75.76523943,75.65889602,75.91891627,75.88745704,75.49531473,75.66586479
2295.84,75.47445749,75.76349489,75.65889602,75.91367216,75.8822151,75.49009988,75.65889602
2295.358,75.47271965,75.76349489,75.66063815,75.91017629,75.88046786,75.48836168,75.65366987
2294.875,75.47098184,75.76175039,75.66586479,75.90668058,75.87872067,75.48488539,75.64844408
2294.393,75.46924408,75.76000593,75.66934941,75.90318502,75.87697352,75.48140926,75.64321865
2293.911,75.46229343,75.7547728,75.66934941,75.8961944,75.87173231,75.47445749,75.63276888
2293.429,75.45360601,75.74430761,75.66586479,75.88745704,75.86299775,75.46576867,75.62232055
2292.947,75.4414453,75.73210006,75.65715393,75.87697352,75.85077107,75.45360601,75.60839168
2292.465,75.42754976,75.71989447,75.64670223,75.86649145,75.83854635,75.44318243,75.59446539
2291.983,75.41192032,75.70769084,75.63625198,75.8542642,75.82632361,75.43276029,75.58228198
2291.501,75.39803021,75.69897518,75.62406184,75.84378527,75.81410283,75.42233958,75.57184062
2291.018,75.38414266,75.69026051,75.61013265,75.83330779,75.80188403,75.41365677,75.55966086
2290.536,75.36678682,75.67806167,75.59620603,75.81934007,75.78617703,75.4015025,75.54574354
2290.054,75.34596508,75.66412254,75.57880137,75.80188403,75.76872863,75.38587847,75.52835049
2289.572,75.32341469,75.64496042,75.56140071,75.78094209,75.74954002,75.36852222,75.50922277
2289.09,75.30087105,75.62580316,75.54574354,75.76000593,75.72861254,75.34943497,75.48836168
2288.608,75.28006753,75.60490987,75.53008962,75.74081954,75.70769084,75.33035256,75.46924408
2288.126,75.26273565,75.5875032,75.51617774,75.72338158,75.69026051,75.3130091,75.45186864
2287.644,75.24714037,75.57358075,75.50400695,75.70769084,75.67457664,75.2974034,75.43623417
2287.162,75.23501294,75.56140071,75.49183813,75.69374626,75.66238033,75.28353438,75.42060294
2286.679,75.22288747,75.54922263,75.47619537,75.67980424,75.64844408,75.26793479,75.4032387
2286.197,75.20903217,75.53878584,75.46055586,75.66586479,75.63625198,75.25233844,75.38587847
2285.715,75.19691089,75.52835049,75.4414453,75.6519279,75.62580316,75.23847772,75.36852222
2285.233,75.18825402,75.5213944,75.42754976,75.63973524,75.6205793,75.22808386,75.35290502
2284.751,75.18652277,75.51965547,75.41886634,75.63451041,75.61883809,75.22115541,75.34596508
2284.269,75.19344802,75.5213944,75.41886634,75.63625198,75.62754453,75.22288747,75.34596508
2283.787,75.20903217,75.53182878,75.42754976,75.64496042,75.64147692,75.23328061,75.35637523
2283.305,75.22981607,75.54400406,75.4414453,75.65715393,75.65889602,75.24714037,75.37372868
2282.822,75.25060571,75.55792106,75.45708085,75.67109178,75.67631913,75.26273565,75.39629413
2282.34,75.27140109,75.57010054,75.47271965,75.6832895,75.69374626,75.27833416,75.41712977
2281.858,75.28873497,75.58228198,75.48488539,75.69548919,75.70594763,75.29220222,75.43797118
2281.376,75.30433887,75.59272478,75.4970531,75.70594763,75.71815097,75.30433887,75.45708085
2280.894,75.31821172,75.60490987,75.50922277,75.71989447,75.72861254,75.31647747,75.47619537
2280.412,75.33382173,75.6205793,75.52487237,75.73558773,75.74081954,75.33035256,75.4970531
2279.93,75.34770001,75.63625198,75.54226461,75.7547728,75.7547728,75.34596508,75.51791659
2279.448,75.36331613,75.65366987,75.55966086,75.77221799,75.76872863,75.3598456,75.53878584
2278.966,75.37546424,75.66760708,75.57532092,75.78966719,75.77919719,75.37372868,75.55618129
2278.483,75.38414266,75.67980424,75.58576275,75.80362945,75.78617703,75.38587847,75.57010054
2278.001,75.39108612,75.69026051,75.59272478,75.81410283,75.79141233,75.39282208,75.57880137
2277.519,75.39803021,75.69897518,75.59620603,75.82283176,75.796648,75.39976634,75.58576275
2277.037,75.40671123,75.7094341,75.59968745,75.83330779,75.80362945,75.40844756,75.59272478
2276.555,75.41886634,75.72338158,75.60490987,75.84553166,75.81410283,75.41712977,75.60142822
2276.073,75.43449721,75.73733162,75.61187366,75.85950421,75.82806959,75.42928656,75.61013265
2275.591,75.45013132,75.74954002,75.61883809,75.86998531,75.84029262,75.43970822,75.6205793
2275.109,75.46229343,75.75826151,75.62580316,75.87697352,75.85077107,75.45013132,75.62580316
2274.626,75.46924408,75.75826151,75.62754453,75.87872067,75.8577575,75.45360601,75.62580316
2274.144,75.47098184,75.7530285,75.62754453,75.87347934,75.85950421,75.45534341,75.62232055
2273.662,75.47098184,75.74605171,75.62580316,75.86823836,75.85950421,75.45360601,75.61709692
2273.18,75.47271965,75.73907556,75.62580316,75.86474458,75.86125096,75.45360601,75.61361471
2272.698,75.4779333,75.73733162,75.63102739,75.86649145,75.86823836,75.45708085,75.61361471
2272.216,75.48836168,75.74081954,75.63973524,75.87697352,75.87697352,75.46229343,75.61883809
2271.734,75.50052995,75.74779585,75.65018597,75.88920443,75.88570968,75.46924408,75.62754453
2271.252,75.51270017,75.7547728,75.65889602,75.90493278,75.89444685,75.47619537,75.63451041
2270.77,75.51791659,75.76175039,75.66412254,75.9171682,75.897942,75.48140926,75.64147692
2270.287,75.51965547,75.76523943,75.66586479,75.92590899,75.8961944,75.48488539,75.64496042
2269.805,75.51791659,75.76698401,75.66238033,75.93115394,75.89444685,75.48836168,75.64670223
2269.323,75.51443894,75.77047329,75.66238033,75.93290234,75.89269934,75.49357641,75.65018597
2268.841,75.51270017,75.77570751,75.66238033,75.93639926,75.8961944,75.50052995,75.65715393
2268.359,75.51443894,75.78268703,75.66760708,75.93989634,75.90493278,75.51096145,75.66586479
2267.877,75.51965547,75.79141233,75.67631913,75.94164494,75.91542016,75.5213944,75.67631913
2267.395,75.52487237,75.80013865,75.68503219,75.94339359,75.92590899,75.53008962,75.68677493
2266.913,75.53008962,75.80712042,75.69374626,75.94164494,75.93290234,75.53704652,75.69723216
2266.431,75.53704652,75.81584854,75.70246132,75.94164494,75.93989634,75.54574354,75.70594763
2265.948,75.54748307,75.82457766,75.71117739,75.94339359,75.94514227,75.55444157,75.7146641
2265.466,75.55966086,75.83854635,75.72338158,75.95038855,75.95388628,75.56836049,75.72686885
2264.984,75.57706112,75.85601083,75.73907556,75.96438042,75.96438042,75.5875032,75.74256355
2264.502,75.59620603,75.87872067,75.75651714,75.98187388,75.97837486,75.60839168,75.76175039
2264.02,75.61361471,75.89968963,75.77221799,76.00287135,75.99237189,75.62754453,75.77919719
2263.538,75.62580316,75.9171682,75.78443201,76.01862326,76.00287135,75.64147692,75.79315752
2263.056,75.63102739,75.92940558,75.79141233,76.02912634,76.00812162,75.64670223,75.80188403
2262.574,75.63276888,75.93290234,75.79315752,76.03262769,76.00987179,75.64496042,75.80537491
2262.091,75.62928594,75.93290234,75.79141233,76.030877,76.00637149,75.63799359,75.80537491
2261.609,75.62754453,75.92940558,75.79141233,76.02737573,76.0046214,75.62928594,75.80712042
2261.127,75.62754453,75.92590899,75.79490274,76.02387462,76.00287135,75.6205793,75.81061155
2260.645,75.62928594,75.92066439,75.7983933,76.01862326,76.00287135,75.61187366,75.81410283
2260.163,75.62754453,75.91542016,75.80188403,76.01337226,76.00112134,75.60142822,75.81584854
2259.681,75.6205793,75.90493278,75.80013865,76.00287135,75.99587155,75.5875032,75.81061155
2259.199,75.60490987,75.89095186,75.78966719,75.9871227,75.9871227,75.57010054,75.7983933
2258.717,75.58576275,75.87522641,75.77396273,75.96787879,75.97487601,75.55096224,75.77919719
2258.235,75.56836049,75.86649145,75.75651714,75.95038855,75.96438042,75.53356799,75.76000593
2257.752,75.55618129,75.86474458,75.74430761,75.93814778,75.95913317,75.52487237,75.74779585
2257.27,75.55792106,75.87697352,75.73907556,75.93465078,75.96438042,75.52661141,75.74430761
2256.788,75.57532092,75.90143731,75.74605171,75.94164494,75.97837486,75.53878584,75.7547728
2256.306,75.60316902,75.93115394,75.76175039,75.95913317,76.00112134,75.56140071,75.77570751
2255.824,75.63973524,75.96612958,75.78443201,75.98012435,76.02912634,75.58924369,75.80537491
2255.342,75.67631913,75.99587155,75.80712042,76.0046214,76.05889297,75.6153558,75.83680013
2254.86,75.71292073,76.02212412,75.83156169,76.02912634,76.08516732,75.64147692,75.86649145
2254.378,75.74605171,76.04488369,75.8542642,76.05363919,76.11320329,75.66586479,75.897942
2253.895,75.77396273,76.06414711,75.87522641,76.08166355,76.1394964,75.6885177,75.92590899
2253.413,75.80013865,76.08166355,75.897942,76.10969823,76.16579859,75.71117739,75.9556352
2252.931,75.82283176,76.09918401,75.92066439,76.13774325,76.18860118,75.73210006,75.98012435
2252.449,75.84029262,76.11320329,75.93989634,76.16053743,76.207901,75.74779585,76.00112134
2251.967,75.84902456,76.1202139,75.9521374,76.17456801,76.21667527,75.75826151,76.011622
2251.485,75.84902456,76.12196665,75.95913317,76.17983015,76.21667527,75.76000593,76.01512255
2251.003,75.84203893,76.11670852,75.95913317,76.17807606,76.20965577,75.7547728,76.00812162
2250.521,75.83505394,76.10969823,75.9556352,76.17106012,76.19912775,75.74954002,75.99937137
2250.039,75.82981562,76.10268859,75.9521374,76.16579859,76.19210987,75.74605171,75.98887239
2249.556,75.82981562,76.10093628,75.95038855,76.16579859,76.18860118,75.74605171,75.98362345
2249.074,75.83505394,76.10268859,75.95038855,76.1675524,76.18860118,75.74954002,75.98012435
2248.592,75.84029262,76.10619333,75.95038855,76.17106012,76.19210987,75.7530285,75.98012435
2248.11,75.84378527,76.10794576,75.94514227,76.17106012,76.19210987,75.7530285,75.97837486
2247.628,75.84029262,76.10619333,75.93814778,76.16579859,76.18860118,75.74779585,75.97312665
2247.146,75.83330779,76.10268859,75.92765726,76.15527663,76.17983015,75.73733162,75.96438042
2246.664,75.82457766,76.09918401,75.9171682,76.1412496,76.16930624,75.72686885,75.9556352
2246.182,75.81759428,76.09743179,75.91367216,76.13073102,76.15878379,75.71815097,75.95038855
2245.699,75.81410283,76.10268859,75.91542016,76.12547228,76.15352311,75.71640752,75.95038855
2245.217,75.81410283,76.10794576,75.92241255,76.12722515,76.15001619,75.71989447,75.95388628
2244.735,75.81759428,76.11320329,75.93290234,76.13248402,76.14650943,75.72686885,75.95738416
2244.253,75.81584854,76.11320329,75.93989634,76.13599013,76.1394964,75.73384387,75.9556352
2243.771,75.81061155,76.10444094,75.94339359,76.13774325,76.12897807,75.73733162,75.95038855
2243.289,75.80188403,76.09042328,75.93814778,76.13599013,76.11495588,75.73558773,75.93814778
2242.807,75.79141233,76.07465649,75.93115394,76.13423705,76.10268859,75.73384387,75.92416075
2242.325,75.78617703,76.06239569,75.92590899,76.13599013,76.0956796,75.73210006,75.91542016
2241.843,75.78792209,76.05714167,75.92241255,76.14300284,76.10093628,75.73384387,75.9119242
2241.36,75.7983933,76.06064431,75.92416075,76.15352311,76.11670852,75.73733162,75.9171682
2240.878,75.81235717,76.0711532,75.92765726,76.16930624,76.13774325,75.74256355,75.92940558
2240.396,75.82457766,76.08166355,75.93290234,76.18333844,76.16229111,75.74779585,75.94339359
2239.914,75.83156169,76.09042328,75.93639926,76.19210987,76.18333844,75.74605171,75.9556352
2239.432,75.83156169,76.0956796,75.93989634,76.19737322,76.19737322,75.74256355,75.96612958
2238.95,75.82806959,76.10093628,75.94514227,76.20088232,76.20614627,75.73907556,75.97487601
2238.468,75.82457766,76.10619333,75.95388628,76.20263693,76.21141059,75.73733162,75.98187388
2237.986,75.82283176,76.11670852,75.96612958,76.20439158,76.21492033,75.74256355,75.99062212
2237.504,75.82457766,76.12897807,75.98187388,76.207901,76.21843024,75.75128424,75.99762144
2237.021,75.82981562,76.1412496,75.9941217,76.21141059,76.22018525,75.76175039,76.00112134
2236.539,75.83330779,76.15176963,76.00112134,76.207901,76.22018525,75.77047329,76.00112134
2236.057,75.83680013,76.15527663,76.00112134,76.19912775,76.21492033,75.77570751,75.99237189
2235.575,75.83680013,76.15352311,75.9941217,76.18684689,76.207901,75.77570751,75.97837486
2235.093,75.83854635,76.15001619,75.98537305,76.17632202,76.20263693,75.77221799,75.96612958
2234.611,75.84203893,76.14826279,75.98187388,76.16930624,76.20088232,75.77221799,75.9556352
2234.129,75.85077107,76.15176963,75.98362345,76.17106012,76.20614627,75.77570751,75.9556352
2233.647,75.86474458,76.16053743,75.9941217,76.17983015,76.21667527,75.78443201,75.96088221
2233.164,75.88046786,76.16930624,76.00987179,76.19210987,76.23071619,75.79490274,75.96962803
2232.682,75.89095186,76.17632202,76.02212412,76.20439158,76.24124858,75.80537491,75.97837486
2232.2,75.8961944,76.17632202,76.02912634,76.21141059,76.24651532,75.81061155,75.98187388
2231.718,75.8961944,76.17106012,76.030877,76.21492033,76.2447597,75.81235717,75.98012435
2231.236,75.89269934,76.16229111,76.02737573,76.21316544,76.24124858,75.81235717,75.97662542
2230.754,75.88920443,76.15703019,76.02562515,76.21316544,76.23773762,75.81235717,75.97312665
2230.272,75.88745704,76.15703019,76.02387462,76.21667527,76.23773762,75.81584854,75.97312665
2229.79,75.89095186,76.16229111,76.02737573,76.22194031,76.23949308,75.82108589,75.98012435
2229.308,75.89269934,76.17281405,76.030877,76.22720572,76.2447597,75.82457766,75.98887239
2228.825,75.89095186,76.17983015,76.03262769,76.23071619,76.24651532,75.82457766,75.99762144
2228.343,75.88570968,76.18509264,76.03262769,76.22896093,76.2447597,75.81759428,76.0046214
2227.861,75.87697352,76.18509264,76.02737573,76.2236954,76.24124858,75.80537491,76.00987179
2227.379,75.86823836,76.18333844,76.02387462,76.21667527,76.2359822,75.79141233,76.01512255
2226.897,75.86474458,76.18333844,76.02212412,76.21141059,76.23071619,75.77919719,76.02387462
2226.415,75.86823836,76.18509264,76.02387462,76.20965577,76.23071619,75.77221799,76.03612921
2225.933,75.87872067,76.18860118,76.030877,76.21141059,76.23071619,75.77047329,76.04838577
2225.451,75.89269934,76.19386428,76.03612921,76.21316544,76.23071619,75.77221799,76.06064431
2224.968,75.90668058,76.19737322,76.03963088,76.21141059,76.22720572,75.77570751,76.06765008
2224.486,75.91542016,76.19561873,76.03612921,76.20439158,76.22018525,75.77745233,76.06589857
2224.004,75.91891627,76.18860118,76.030877,76.19737322,76.20965577,75.77919719,76.05889297
2223.522,75.92066439,76.18333844,76.02387462,76.1903555,76.20263693,75.78268703,76.05188801
2223.04,75.92241255,76.17983015,76.02037367,76.19210987,76.20263693,75.78966719,76.04838577
2222.558,75.92590899,76.18158427,76.02387462,76.20088232,76.207901,75.80013865,76.05013687
2222.076,75.93115394,76.18333844,76.03437843,76.21667527,76.21667527,75.81235717,76.05889297
2221.594,75.93465078,76.18509264,76.04488369,76.23422683,76.22720572,75.82108589,76.06940162
2221.112,75.93290234,76.18333844,76.05363919,76.25002668,76.23422683,75.82457766,76.07640819
2220.629,75.92590899,76.17456801,76.05539041,76.26056174,76.23422683,75.82108589,76.07815994
2220.147,75.91542016,76.16579859,76.05188801,76.26407375,76.23071619,75.81410283,76.07640819
2219.665,75.90493278,76.15878379,76.04838577,76.26758592,76.23071619,75.80712042,76.07290483
2219.183,75.90318502,76.16229111,76.04663471,76.27285448,76.2359822,75.80886596,76.07465649
2218.701,75.91017629,76.17632202,76.05363919,76.2833927,76.25002668,75.81759428,76.08166355
2218.219,75.92416075,76.19912775,76.06414711,76.29744591,76.27285448,75.83680013,76.0956796
2217.737,75.94164494,76.2236954,76.07815994,76.31150171,76.29568912,75.85950421,76.11320329
2217.255,75.9556352,76.24300412,76.08691926,76.32028791,76.31501607,75.87697352,76.12547228
2216.772,75.96088221,76.25353821,76.09042328,76.32028791,76.32380267,75.88920443,76.13073102
2216.29,75.96088221,76.25353821,76.08516732,76.31325887,76.32380267,75.89095186,76.13073102
2215.808,75.9556352,76.24651532,76.07640819,76.30095962,76.31853059,75.88745704,76.12547228
2215.326,75.95388628,76.2359822,76.06765008,76.28866235,76.31325887,75.88396237,76.11846119
2214.844,75.95738416,76.23071619,76.06239569,76.2833927,76.31150171,75.88046786,76.11670852
2214.362,75.96612958,76.22720572,76.06239569,76.28514921,76.31150171,75.8822151,76.11495588
2213.88,75.97662542,76.22545054,76.06589857,76.29041898,76.31501607,75.88396237,76.11495588
2213.398,75.98362345,76.2236954,76.06765008,76.29744591,76.31501607,75.88570968,76.11320329
2212.916,75.98537305,76.21843024,76.06589857,76.30095962,76.31150171,75.88570968,76.10619333
2212.433,75.98012435,76.21141059,76.06239569,76.30447349,76.30447349,75.88396237,76.09743179
2211.951,75.97662542,76.207901,76.06239569,76.30798752,76.30095962,75.88396237,76.09217534
2211.469,75.97662542,76.21316544,76.06589857,76.31677331,76.30447349,75.89095186,76.09392745
2210.987,75.9871227,76.23071619,76.07815994,76.32907511,76.31853059,75.90668058,76.10444094
2210.505,76.00287135,76.25529403,76.09743179,76.34489463,76.33786332,75.92765726,76.12371945
2210.023,76.02212412,76.28514921,76.11846119,76.36071742,76.35895917,75.95038855,76.14650943
2209.541,76.03788002,76.30798752,76.13423705,76.36775083,76.37654349,75.96787879,76.16579859
2209.059,76.04488369,76.32380267,76.14300284,76.36423404,76.38533717,75.97837486,76.17632202
2208.577,76.04488369,76.32907511,76.14300284,76.35544279,76.38709603,75.98012435,76.17807606
2208.094,76.03788002,76.32731759,76.13774325,76.34313674,76.38357836,75.97837486,76.17632202
2207.612,76.03262769,76.32380267,76.13423705,76.33434792,76.38181958,75.97662542,76.17456801
2207.13,76.030877,76.32380267,76.13423705,76.33434792,76.38533717,75.97662542,76.17632202
2206.648,76.03612921,76.32907511,76.1394964,76.34137889,76.39413187,75.97837486,76.18333844
2206.166,76.04313272,76.3361056,76.14826279,76.35192657,76.40468684,75.98012435,76.1903555
2205.684,76.04838577,76.33962109,76.15703019,76.36071742,76.41172429,75.97837486,76.19561873
2205.202,76.05188801,76.34137889,76.16229111,76.36423404,76.41348376,75.97137732,76.19561873
2204.72,76.05013687,76.33786332,76.16229111,76.36247571,76.40996487,75.9626313,76.1903555
2204.237,76.04838577,76.33434792,76.16404483,76.36247571,76.40292757,75.9521374,76.18509264
2203.755,76.05188801,76.33434792,76.1675524,76.36599241,76.40116835,75.94863975,76.18333844
2203.273,76.06064431,76.33962109,76.17632202,76.37654349,76.40116835,75.95388628,76.18509264
2202.791,76.07290483,76.34665255,76.18684689,76.39413187,76.40644614,75.96438042,76.1903555
2202.309,76.08516732,76.35544279,76.19561873,76.41172429,76.40820548,75.97837486,76.19210987
2201.827,76.09042328,76.35720096,76.19737322,76.42228169,76.40644614,75.9871227,76.18684689
2201.345,76.08516732,76.35016853,76.1903555,76.4240414,76.39589093,75.98887239,76.17281405
2200.863,76.07290483,76.3361056,76.17632202,76.41700281,76.38181958,75.98187388,76.15176963
2200.381,76.05714167,76.32204526,76.16053743,76.40468684,76.36950928,75.96962803,76.13073102
2199.898,76.04663471,76.31150171,76.14826279,76.39237285,76.36247571,75.96088221,76.11495588
2199.416,76.04313272,76.30798752,76.1394964,76.38357836,76.36423404,75.95388628,76.10794576
2198.934,76.05013687,76.31325887,76.13774325,76.38181958,76.37302631,75.9521374,76.11145074
2198.452,76.06064431,76.32028791,76.13599013,76.38006084,76.38181958,75.95038855,76.11846119
2197.97,76.06765008,76.32380267,76.13248402,76.37654349,76.38709603,75.94689099,76.12547228
2197.488,76.06940162,76.32028791,76.12371945,76.36775083,76.38533717,75.93989634,76.12897807
2197.006,76.06414711,76.31150171,76.11145074,76.35368466,76.37830215,75.92765726,76.12722515
2196.524,76.05714167,76.30095962,76.10093628,76.34313674,76.37302631,75.9171682,76.12547228
2196.041,76.05363919,76.29744591,76.0956796,76.33786332,76.37478488,75.91367216,76.12897807
2195.559,76.05714167,76.30095962,76.10093628,76.34137889,76.38709603,75.9171682,76.13774325
2195.077,76.06765008,76.31150171,76.11320329,76.35544279,76.40820548,75.92765726,76.15352311
2194.595,76.07991172,76.32380267,76.12547228,76.37126777,76.42580115,75.93989634,76.16579859
2194.113,76.08691926,76.33083267,76.13423705,76.38357836,76.4346005,75.94514227,76.17106012
2193.631,76.08341541,76.32731759,76.13248402,76.38885493,76.42932077,75.94164494,76.16579859
2193.149,76.06940162,76.31150171,76.12371945,76.38533717,76.40996487,75.93115394,76.14826279
2192.667,76.04838577,76.29217565,76.11145074,76.37830215,76.38357836,75.91542016,76.12897807
2192.185,76.02737573,76.27285448,76.10093628,76.37126777,76.35895917,75.90318502,76.11320329
2191.702,76.00987179,76.26056174,76.09918401,76.36775083,76.34313674,75.89444685,76.10794576
2191.22,75.99762144,76.25704989,76.10444094,76.36775083,76.33786332,75.89269934,76.11495588
2190.738,75.98887239,76.25529403,76.10969823,76.36599241,76.33962109,75.89095186,76.12897807
2190.256,75.97837486,76.25353821,76.11145074,76.35895917,76.33962109,75.88396237,76.1412496
2189.774,75.96438042,76.24827098,76.10444094,76.34489463,76.33259027,75.87173231,76.15001619
2189.292,75.94689099,76.23949308,76.09042328,76.32731759,76.32028791,75.85251762,76.15176963
2188.81,75.93290234,76.23071619,76.07465649,76.3097446,76.30447349,75.83330779,76.14826279
2188.328,75.92940558,76.22720572,76.06414711,76.30095962,76.29217565,75.82108589,76.14475611
2187.845,75.93639926,76.23247149,76.06239569,76.30271653,76.28690576,75.81759428,76.14475611
2187.363,75.9556352,76.2447597,76.0711532,76.31325887,76.28866235,75.82283176,76.14650943
2186.881,75.97837486,76.25704989,76.08516732,76.32556011,76.29041898,75.83156169,76.14650943
2186.399,75.99762144,76.26407375,76.0956796,76.33259027,76.28866235,75.84029262,76.1412496
2185.917,76.00637149,76.26231773,76.10093628,76.33259027,76.2798798,75.84203893,76.12897807
2185.435,76.0046214,76.25178243,76.09743179,76.32380267,76.26407375,75.84029262,76.11145074
2184.953,75.99937137,76.24300412,76.0956796,76.31677331,76.25178243,75.84029262,76.09743179
2184.471,76.00112134,76.24300412,76.09918401,76.32028791,76.25178243,75.85077107,76.09743179
2183.989,76.01512255,76.26056174,76.11670852,76.34137889,76.27285448,75.87697352,76.11670852
2183.506,76.04663471,76.29744591,76.15176963,76.38181958,76.31677331,75.92066439,76.15527663
2183.024,76.09392745,76.34841052,76.19737322,76.43636049,76.38006084,75.97837486,76.21316544
2182.542,76.15176963,76.40644614,76.25178243,76.49270164,76.45044189,76.04313272,76.27812341
2182.06,76.21141059,76.45924408,76.30271653,76.54379667,76.52088778,76.10444094,76.34137889
2181.578,76.26758592,76.5050318,76.35016853,76.58434459,76.58258119,76.15878379,76.39940917
2181.096,76.31677331,76.5385094,76.39237285,76.6125645,76.63197172,76.20439158,76.4469213
2180.614,76.35720096,76.56142356,76.42756094,76.63197172,76.66903553,76.24124858,76.48565672
2180.132,76.38885493,76.575528,76.45748356,76.64608915,76.69552065,76.26934207,76.5120785
2179.65,76.40996487,76.58258119,76.47861246,76.65491387,76.71141611,76.28690576,76.52617384
2179.167,76.41524326,76.57729123,76.4891791,76.65844404,76.71671533,76.29217565,76.52617384
2178.685,76.40468684,76.56318647,76.48565672,76.65314885,76.71141611,76.28690576,76.51384027
2178.203,76.38357836,76.54379667,76.47509057,76.64255955,76.69552065,76.27109826,76.49270164
2177.721,76.35895917,76.52441178,76.46100464,76.63020723,76.67786288,76.25529403,76.47156884
2177.239,76.33962109,76.51736395,76.45396264,76.62667836,76.66550487,76.2447597,76.46276524
2176.757,76.34137889,76.52969808,76.46276524,76.63550084,76.66727018,76.24827098,76.47332969
2176.275,76.36247571,76.56318647,76.4891791,76.66197437,76.68315979,76.26758592,76.50679341
2175.793,76.40292757,76.61432859,76.52617384,76.70081877,76.70964979,76.30095962,76.55613507
2175.31,76.44868157,76.66903553,76.56494943,76.74144986,76.73968285,76.33786332,76.60903644
2174.828,76.4891791,76.71494888,76.59492584,76.77503092,76.76265724,76.36775083,76.65138386
2174.346,76.5120785,76.74321692,76.60550855,76.79271106,76.77149538,76.38533717,76.67433182
2173.864,76.51560209,76.75205282,76.59845325,76.79447929,76.76442479,76.38885493,76.67786288
2173.382,76.50327023,76.74675116,76.58081783,76.78563851,76.75028556,76.38181958,76.6637396
2172.9,76.48037347,76.73438204,76.56142356,76.77149538,76.73261519,76.36950928,76.64079481
2172.418,76.45572308,76.72024835,76.54379667,76.75912227,76.71848182,76.35544279,76.61785689
2171.936,76.43108064,76.70611726,76.52793594,76.74851834,76.70435105,76.33786332,76.59316219
2171.454,76.39940917,76.6849255,76.50855507,76.73084837,76.68669126,76.31325887,76.56318647
2170.971,76.35720096,76.65138386,76.4768515,76.70081877,76.65491387,76.27285448,76.51736395
2170.489,76.30095962,76.60021701,76.42756094,76.65314885,76.60727248,76.21843024,76.45220224
2170.007,76.23247149,76.53322249,76.36247571,76.58787151,76.54203421,76.15001619,76.37126777
2169.525,76.15703019,76.45748356,76.28690576,76.5120785,76.46980804,76.07815994,76.28163623
2169.043,76.08341541,76.38181958,76.21492033,76.43812053,76.39765003,76.011622,76.19210987
2168.561,76.01862326,76.31677331,76.15352311,76.37126777,76.33434792,75.9556352,76.11495588
2168.079,75.96787879,76.26231773,76.10794576,76.31853059,76.28514921,75.91367216,76.05363919
2167.597,75.92416075,76.21667527,76.07640819,76.27812341,76.24827098,75.87872067,76.00812162
2167.114,75.88745704,76.17807606,76.05539041,76.24300412,76.21843024,75.84727809,75.97137732
2166.632,75.85077107,76.13774325,76.03612921,76.20965577,76.1903555,75.81410283,75.94164494
2166.15,75.81584854,76.09918401,76.01862326,76.17983015,76.1675524,75.77745233,75.9171682
2165.668,75.78617703,76.06589857,76.00287135,76.15352311,76.14826279,75.74256355,75.897942
2165.186,75.76349489,76.03788002,75.99062212,76.13423705,76.1394964,75.7146641,75.88570968
2164.704,75.75128424,76.02037367,75.98187388,76.12196665,76.13774325,75.69548919,75.88046786
2164.222,75.74081954,76.0046214,75.97137732,76.10969823,76.1394964,75.67980424,75.87697352
2163.74,75.72512519,75.98187388,75.94863975,76.09042328,76.13599013,75.66063815,75.86474458
2163.258,75.69548919,75.94689099,75.9119242,76.05539041,76.11495588,75.63102739,75.83680013
2162.775,75.6519279,75.8961944,75.85950421,76.0046214,76.07815994,75.59098421,75.79490274
2162.293,75.60490987,75.84029262,75.80188403,75.94863975,76.03262769,75.54922263,75.74954002
2161.811,75.57358075,75.80188403,75.76349489,75.9119242,75.99937137,75.52487237,75.721638
2161.329,75.58924369,75.80886596,75.77047329,75.92241255,76.00287135,75.54400406,75.74256355
2160.847,75.67631913,75.8822151,75.84553166,76.0046214,76.0711532,75.62580316,75.83330779
2160.365,75.84553166,76.03963088,75.99937137,76.17281405,76.21492033,75.78966719,76.00987179
2159.883,76.09918401,76.27636706,76.23247149,76.42756094,76.43636049,76.030877,76.26758592
2159.401,76.4187624,76.57729123,76.52617384,76.74498402,76.72201492,76.3361056,76.58787151
2158.918,76.77149538,76.91304403,76.85108441,77.09389713,77.04420888,76.67786288,76.94315672
2158.436,77.1258565,77.25026893,77.17559741,77.43726397,77.37488205,77.02824445,77.2983102
2157.954,77.44974639,77.56039282,77.47293336,77.74813856,77.68371745,77.35350553,77.62292431
2157.472,77.72128995,77.82157212,77.72128995,78.00096937,77.94890164,77.63364905,77.89686866
2156.99,77.92736653,78.0207283,77.9130131,78.1861809,78.15558173,77.84845538,78.10700767
2156.508,78.06385606,78.15198262,78.04049223,78.30509125,78.29607656,77.9919897,78.24921691
2156.026,78.13219045,78.22039415,78.10700767,78.36100549,78.37002765,78.06385606,78.32492722
2155.544,78.13938702,78.2330028,78.12139683,78.36280984,78.38446527,78.07284401,78.34116038
2155.062,78.10161241,78.20058465,78.09801578,78.32673074,78.35559269,78.03330477,78.31050056
2154.579,78.03510157,78.14658426,78.05127467,78.27084096,78.29968231,77.9668521,78.25282051
2154.097,77.96326168,78.08722689,78.00276543,78.21138921,78.24020866,77.89686866,78.18438062
2153.615,77.89866232,78.03689842,77.96146653,78.16098072,78.18978159,77.83770096,78.12139683
2153.133,77.85204052,78.00456153,77.93274975,78.12679346,78.15558173,77.79648945,78.07284401
2152.651,77.82157212,77.9848067,77.91480714,78.10341079,78.13219045,77.77141487,78.0386953
2152.169,77.80186363,77.97223805,77.89686866,78.08363092,78.11420192,77.75171908,78.01174635
2151.687,77.78574221,77.95608133,77.87176172,78.06026117,78.09262115,77.73023845,77.98301105
2151.205,77.76783345,77.9309553,77.83770096,78.03150801,78.06385606,77.70160685,77.9506965
2150.723,77.7499288,77.90045602,77.8000722,77.99737738,78.03150801,77.66762052,77.91480714
2150.24,77.737398,77.87176172,77.76783345,77.97044269,78.00635767,77.6372243,77.88431418
2149.758,77.73918799,77.85562582,77.7499288,77.95787635,77.99558144,77.61934972,77.86638271
2149.276,77.75709016,77.85562582,77.7535094,77.96864737,78.00276543,77.621137,77.86996868
2148.794,77.78753332,77.87534793,77.77499646,77.99917335,78.02791461,77.64258747,77.89148792
2148.312,77.82694803,77.90763125,77.80723818,78.04408621,78.06385606,77.67835144,77.92736653
2147.83,77.86100408,77.94531204,77.83949326,78.09262115,78.09801578,77.71950037,77.96864737
2147.348,77.88610755,77.98121545,77.8645898,78.13578865,78.12679346,77.75888061,78.00635767
2146.866,77.90224977,78.01174635,77.88252084,78.16997985,78.14658426,77.79469814,78.03689842
2146.383,77.91121911,78.0422892,77.89686866,78.19698347,78.16458024,77.82694803,78.06565357
2145.901,77.92018949,78.07464173,77.91480714,78.22399641,78.18438062,77.86100408,78.09082302
2145.419,77.93454424,78.11240329,77.9435173,78.25462237,78.21499106,77.89686866,78.11959804
2144.937,77.95428634,78.15198262,77.97941988,78.29066825,78.25282051,77.93454424,78.15198262
2144.455,77.97582888,78.191582,78.01893183,78.32673074,78.29427375,77.97044269,78.18258038
2143.973,77.99378555,78.22579761,78.05486915,78.36100549,78.33394523,77.99737738,78.20778752
2143.491,78.00635767,78.24921691,78.081833,78.38988007,78.36280984,78.015339,78.22759884
2143.009,78.01713539,78.26723654,78.10161241,78.40973751,78.38446527,78.02432137,78.24201023
2142.527,78.02791461,78.28165522,78.11959804,78.42598826,78.40251604,78.03330477,78.25642427
2142.044,78.04588326,78.29968231,78.13938702,78.44043619,78.42057097,78.04768036,78.2780503
2141.562,78.07464173,78.32492722,78.16638007,78.45849984,78.44404859,78.07284401,78.30509125
2141.08,78.11060471,78.35559269,78.20058465,78.47837467,78.46934004,78.10520921,78.33755272
2140.598,78.14838367,78.38627016,78.23660565,78.49644707,78.49463964,78.14118627,78.36822314
2140.116,78.18078018,78.40793208,78.27084096,78.51271578,78.51452362,78.17357979,78.39349014
2139.634,78.20598674,78.42237669,78.29607656,78.52175541,78.52717969,78.19878404,78.40793208
2139.152,78.22399641,78.4277941,78.31410698,78.53079608,78.53260434,78.21859308,78.4133485
2138.67,78.24020866,78.43140592,78.3303379,78.54526332,78.53983779,78.2330028,78.42057097
2138.187,78.26183021,78.44043619,78.35198436,78.56877827,78.5543067,78.25101869,78.43321189
2137.705,78.29427375,78.46030644,78.38085562,78.60677883,78.58325251,78.2762479,78.45849984
2137.223,78.33755272,78.49463964,78.41876529,78.6556637,78.62488079,78.31050056,78.49825453
2136.741,78.38988007,78.53983779,78.46572647,78.71364069,78.67740006,78.3537885,78.54888055
2136.259,78.44766115,78.59230026,78.51813943,78.77528807,78.73720605,78.40432135,78.60858884
2135.777,78.5072925,78.65023055,78.5742058,78.83879904,78.80068632,78.46211307,78.67377692
2135.295,78.5705874,78.71364069,78.63393334,78.90236121,78.8696657,78.52537155,78.74083211
2134.813,78.63755465,78.78435793,78.69914244,78.96961124,78.94415854,78.59772941,78.81338851
2134.331,78.71001588,78.86240187,78.77166042,79.04055844,79.02418036,78.67740006,78.8914612
2133.848,78.78435793,78.94415854,78.84787621,79.11703441,79.10792625,78.76077846,78.96961124
2133.366,78.85513871,79.02236078,78.91871405,79.18993746,79.18629072,78.84061439,79.04419848
2132.884,78.91144571,79.08971308,78.97870347,79.25013305,79.24830827,78.90599489,79.10246186
2132.402,78.94597632,79.13525388,79.01690229,79.2921146,79.28846315,78.94779414,79.14072054
2131.92,78.95688386,79.15712278,79.03327887,79.31037439,79.30306997,78.96597463,79.15530014
2131.438,78.94597632,79.15712278,79.03145909,79.3067221,79.2975921,78.9641564,79.14801001
2130.956,78.92416575,79.14618758,79.01872175,79.29028886,79.27933525,78.9514299,79.13160965
2130.474,78.90236121,79.13343175,79.00598646,79.26838317,79.26108261,78.93325276,79.11156939
2129.991,78.88601176,79.12249981,79.00052911,79.25013305,79.24830827,78.92053125,79.09699784
2129.509,78.87874643,79.1152127,79.00234818,79.23918499,79.24465883,78.91326273,79.08971308
2129.027,78.8769302,79.11156939,79.00780566,79.23188713,79.24465883,78.90962872,79.08424994
2128.545,78.87511401,79.10246186,79.0096249,79.22823845,79.24100956,78.90417803,79.07878718
2128.063,78.86784968,79.08789199,79.00234818,79.22276575,79.23188713,78.89327777,79.0678628
2127.581,78.85695443,79.06968343,78.98961554,79.2154694,79.21729342,78.8769302,79.05147905
2127.099,78.84242978,79.04965885,78.973248,79.20999758,79.20087871,78.86058601,79.03145909
2126.617,78.83153805,79.03691857,78.95870193,79.2063499,79.18629072,78.8460607,79.01690229
2126.135,78.82427773,79.02963934,78.949612,79.20817372,79.17717458,78.83698373,79.00598646
2125.652,78.82064782,79.03145909,78.94779414,79.21182147,79.17535148,78.83153805,79.00052911
2125.17,78.82064782,79.03691857,78.94779414,79.21364542,79.17535148,78.82609275,78.99689108
2124.688,78.81701808,79.03873849,78.94779414,79.20999758,79.17170541,78.82064782,78.99143436
2124.206,78.8097591,79.03327887,78.94415854,79.19723146,79.16259095,78.80794446,78.98234066
2123.724,78.79705749,79.02418036,78.93507028,79.17899772,79.14983248,78.79161457,78.9714296
2123.242,78.78435793,79.01326352,78.92598307,79.16076819,79.13707606,78.77528807,78.96052005
2122.76,78.77166042,79.0041673,78.92234848,79.14618758,79.12796559,78.76259202,78.95324785
2122.278,78.76621925,79.00234818,78.92416575,79.13889828,79.12796559,78.75715148,78.9514299
2121.796,78.76440561,79.00780566,78.92961783,79.13707606,79.13525388,78.75896495,78.95506583
2121.313,78.76440561,79.01690229,78.93688785,79.13889828,79.14618758,78.76259202,78.95870193
2120.831,78.76077846,79.02418036,78.94052311,79.13889828,79.15347755,78.76621925,78.95870193
2120.349,78.75171131,79.02599998,78.93688785,79.13343175,79.15347755,78.76440561,78.9514299
2119.867,78.73720605,79.02054124,78.92598307,79.1243217,79.14618758,78.75896495,78.93688785
2119.385,78.72270346,79.01326352,78.91144571,79.11339102,79.13525388,78.75171131,78.91871405
2118.903,78.70820353,79.0041673,78.89691102,79.10428328,79.12067797,78.74445835,78.90236121
2118.421,78.69914244,78.99871007,78.88419537,79.09881914,79.1097478,78.73901906,78.88964468
2117.939,78.69189431,78.99325323,78.8769302,79.09335538,79.10064048,78.73358015,78.88237901
2117.456,78.68464685,78.98779675,78.8696657,79.08789199,79.08971308,78.72451613,78.87511401
2116.974,78.67196541,78.97688494,78.8587702,79.07696635,79.07696635,78.71001588,78.8660337
2116.492,78.65204156,78.95870193,78.84242978,79.05693993,79.0587603,78.6882705,78.84969177
2116.01,78.62669122,78.93325276,78.82246276,79.03145909,79.0350987,78.66109723,78.82972291
2115.528,78.59772941,78.90599489,78.80250079,79.00598646,79.01144419,78.63574397,78.80794446
2115.046,78.57239658,78.88419537,78.78617203,78.98415931,78.99143436,78.61582929,78.78980035
2114.564,78.5561155,78.8696657,78.77891589,78.9714296,78.97688494,78.60677883,78.77710196
2114.082,78.54888055,78.86240187,78.77528807,78.96779291,78.9714296,78.60315894,78.76984665
2113.6,78.54526332,78.8587702,78.77528807,78.96961124,78.96779291,78.60496886,78.76621925
2113.117,78.54345477,78.85513871,78.77166042,78.97506645,78.9641564,78.60496886,78.76259202
2112.635,78.54164626,78.84969177,78.76259202,78.97688494,78.95688386,78.60134905,78.75533805
2112.153,78.53802937,78.83879904,78.74989801,78.97688494,78.949612,78.59410993,78.74808475
2111.671,78.53802937,78.82790781,78.73539308,78.97688494,78.94234081,78.58506197,78.74083211
2111.189,78.54164626,78.82246276,78.72814161,78.98052204,78.94234081,78.58144308,78.74083211
2110.707,78.5543067,78.82609275,78.72814161,78.99143436,78.95324785,78.58506197,78.74989801
2110.225,78.57239658,78.83698373,78.73901906,79.00780566,78.973248,78.59591965,78.76440561
2109.743,78.59410993,78.85513871,78.75715148,79.02781964,78.99689108,78.61220898,78.78254388
2109.26,78.61220898,78.87329786,78.77710196,79.04783868,79.01872175,78.62669122,78.79887188
2108.778,78.62488079,78.88964468,78.79705749,79.06422167,79.03691857,78.64117612,78.81157378
2108.296,78.63212275,78.90236121,78.81520328,79.07696635,79.04783868,78.65023055,78.81883293
2107.814,78.63755465,78.91326273,78.83335324,79.08971308,79.0532993,78.65928601,78.82609275
2107.332,78.64660865,78.92598307,78.84969177,79.10428328,79.06058072,78.67015394,78.83698373
2106.85,78.66109723,78.94052311,78.8696657,79.12067797,79.07150409,78.68464685,78.85150738
2106.368,78.6792117,78.95688386,78.88964468,79.13707606,79.08607094,78.70276675,78.87148176
2105.886,78.69914244,78.97506645,78.90781178,79.14983248,79.10428328,78.71907822,78.8914612
2105.404,78.71545316,78.98779675,78.91871405,79.15347755,79.11885617,78.72995442,78.90417803
2104.921,78.72270346,78.99689108,78.91871405,79.14801001,79.1297876,78.73176726,78.90599489
2104.439,78.72270346,78.99689108,78.91144571,79.13343175,79.13160965,78.72632885,78.90054444
2103.957,78.71726567,78.99689108,78.90054444,79.1152127,79.1297876,78.71907822,78.88964468
2103.475,78.71182826,78.99689108,78.88964468,79.10064048,79.12796559,78.71364069,78.87874643
2102.993,78.71001588,79.00052911,78.88419537,79.09335538,79.12796559,78.71364069,78.87511401
2102.511,78.71182826,79.0096249,78.88237901,79.09153421,79.13160965,78.71907822,78.8769302
2102.029,78.71545316,79.01872175,78.88237901,79.09517659,79.13343175,78.72814161,78.88419537
2101.547,78.71726567,79.02781964,78.88237901,79.10064048,79.13525388,78.73901906,78.89509437
2101.064,78.71726567,79.0350987,78.8805627,79.10428328,79.13343175,78.74627153,78.90417803
2100.582,78.71364069,79.03873849,78.87874643,79.10610475,79.1297876,78.75171131,78.91326273
2100.1,78.71364069,79.04237844,78.8805627,79.11156939,79.12796559,78.75715148,78.92598307
2099.618,78.71726567,79.04965885,78.88964468,79.1243217,79.13343175,78.76803293,78.94052311
2099.136,78.72995442,79.06422167,78.90781178,79.14436519,79.14618758,78.78254388,78.9623382
2098.654,78.75171131,79.08607094,78.93325276,79.17535148,79.16623661,78.80612986,78.98779675
2098.172,78.77891589,79.11156939,78.9641564,79.21182147,79.1954079,78.83335324,79.01326352
2097.69,78.80794446,79.13889828,78.99689108,79.24830827,79.22458994,78.86240187,79.04055844
2097.208,78.84061439,79.16988243,79.02963934,79.28663749,79.25743259,78.89327777,79.06604222
2096.725,78.87874643,79.20452613,79.06422167,79.32498525,79.29394039,78.92961783,79.09517659
2096.243,78.92416575,79.24830827,79.10610475,79.36883397,79.33594516,78.9714296,79.13160965
2095.761,78.97870347,79.30124397,79.15530014,79.41819275,79.38711142,79.02054124,79.18082091
2095.279,79.04237844,79.36335155,79.21364542,79.47270586,79.44581049,79.07878718,79.23918499
2094.797,79.10610475,79.42733664,79.27568439,79.52780575,79.50674979,79.13889828,79.30124397
2094.315,79.16259095,79.48295411,79.33046501,79.57598077,79.56132369,79.18993746,79.35969682
2093.833,79.2027024,79.52194614,79.37066152,79.60933571,79.60108731,79.22823845,79.40173642
2093.351,79.21911749,79.53952626,79.39259548,79.62455166,79.62216825,79.24648353,79.42550778
2092.869,79.2154694,79.53714539,79.39625173,79.62308494,79.62620176,79.24648353,79.42916554
2092.386,79.19905507,79.52231235,79.38528349,79.6111688,79.61923491,79.23736047,79.42185018
2091.904,79.17717458,79.5043699,79.37066152,79.59650523,79.60933571,79.22458994,79.4108784
2091.422,79.16076819,79.49045813,79.35786952,79.58514282,79.60255363,79.21364542,79.40173642
2090.94,79.14801001,79.4838692,79.34690658,79.57872928,79.60017087,79.2063499,79.39625173
2090.458,79.14072054,79.4827711,79.33594516,79.57598077,79.5998043,79.20087871,79.39442358
2089.976,79.13343175,79.48313713,79.32498525,79.57286592,79.59668851,79.19358438,79.3889394
2089.494,79.12249981,79.48094096,79.3122006,79.56736941,79.5880749,79.18082091,79.37979994
2089.012,79.10792625,79.4752678,79.29576622,79.55985813,79.57396526,79.16623661,79.36517898
2088.529,79.09517659,79.46831416,79.28116075,79.55289708,79.55857578,79.15165499,79.34873363
2088.047,79.08424994,79.46373973,79.27203369,79.54959996,79.54648614,79.14072054,79.3341184
2087.565,79.08242898,79.4639227,79.27020841,79.55088216,79.54135775,79.13889828,79.32498525
2087.083,79.08607094,79.46886311,79.27385902,79.55436251,79.54300612,79.14072054,79.31950586
2086.601,79.09153421,79.4754508,79.2775098,79.55582797,79.54776828,79.14618758,79.31585315
2086.119,79.09699784,79.47947688,79.2775098,79.55033264,79.5512485,79.14801001,79.30854822
2085.637,79.09699784,79.47874485,79.27385902,79.53732853,79.55014947,79.14254284,79.29576622
2085.155,79.09153421,79.47307185,79.26473281,79.5195658,79.54465453,79.13343175,79.28116075
2084.673,79.08424994,79.46593542,79.25743259,79.50363764,79.5380611,79.12067797,79.26473281
2084.19,79.07878718,79.4604463,79.25743259,79.49594933,79.53421519,79.11339102,79.25560764
2083.708,79.07878718,79.45879964,79.26655797,79.49997645,79.53513087,79.11156939,79.25378274
2083.226,79.08424994,79.45989741,79.28116075,79.51315753,79.53934312,79.1152127,79.25743259
2082.744,79.08607094,79.45971445,79.2975921,79.52963696,79.54209036,79.12067797,79.26108261
2082.262,79.08242898,79.45422575,79.3067221,79.54099145,79.53842739,79.12249981,79.26108261
2081.78,79.07150409,79.44142028,79.30489601,79.54245666,79.52524212,79.11885617,79.25195787
2081.298,79.0532993,79.42367896,79.29576622,79.53311639,79.50473603,79.10792625,79.23371153
2080.816,79.03145909,79.40539308,79.28298629,79.51736862,79.48258808,79.09517659,79.21364542
2080.333,79.01690229,79.39259548,79.27385902,79.50144091,79.46593542,79.08607094,79.19358438
2079.851,79.0096249,79.3889394,79.27203369,79.49100724,79.45971445,79.08060806,79.1844674
2079.369,79.01326352,79.39625173,79.2775098,79.48752965,79.46465459,79.08242898,79.18264414
2078.887,79.02236078,79.40539308,79.28846315,79.48826176,79.47691481,79.08424994,79.18629072
2078.405,79.03145909,79.41453549,79.29576622,79.48899388,79.48990904,79.08424994,79.1917609
2077.923,79.0350987,79.4163641,79.29394039,79.48606545,79.49814592,79.07696635,79.1954079
2077.441,79.03327887,79.41270693,79.28663749,79.47965989,79.49942728,79.06604222,79.19723146
2076.959,79.02963934,79.40539308,79.27385902,79.47252287,79.49613238,79.05511959,79.19723146
2076.477,79.02781964,79.39990814,79.26473281,79.46904609,79.49228849,79.05147905,79.2027024
2075.994,79.03145909,79.39990814,79.26290769,79.47215689,79.49192242,79.05511959,79.2154694
2075.512,79.03873849,79.40539308,79.26838317,79.48112397,79.49631542,79.06968343,79.23188713
2075.03,79.04965885,79.41453549,79.27933525,79.49228849,79.50382071,79.08789199,79.24830827
2074.548,79.05693993,79.42185018,79.2921146,79.50107479,79.51169286,79.10610475,79.26108261
2074.066,79.06058072,79.42916554,79.30124397,79.5054683,79.51773481,79.12067797,79.26838317
2073.584,79.06240117,79.43428669,79.30854822,79.50656672,79.52267857,79.1297876,79.27203369
2073.102,79.06422167,79.44398121,79.31767948,79.50912975,79.52927072,79.14072054,79.27568439
2072.62,79.07514555,79.4609952,79.33229168,79.5184672,79.54062515,79.15530014,79.28663749
2072.137,79.09517659,79.48661452,79.35238786,79.53751168,79.5582094,79.17717458,79.3067221
2071.655,79.12614362,79.5182841,79.37797217,79.56443809,79.58001195,79.2027024,79.33594516
2071.173,79.16076819,79.5499663,79.40356473,79.59375611,79.60163717,79.23006277,79.36700645
2070.691,79.1917609,79.57524785,79.42002145,79.61868493,79.61831827,79.25378274,79.39259548
2070.209,79.21182147,79.59082382,79.42367896,79.63481949,79.62821859,79.26655797,79.40904992
2069.727,79.22458994,79.59797147,79.41819275,79.64215447,79.63335258,79.27203369,79.4163641
2069.245,79.23006277,79.60218704,79.40904992,79.64490526,79.63940378,79.27385902,79.42002145
2068.763,79.23736047,79.60951901,79.40356473,79.64875653,79.65132414,79.2775098,79.42733664
2068.281,79.24830827,79.6238183,79.40722148,79.65811038,79.67168458,79.28663749,79.44013984
2067.798,79.26290769,79.64398832,79.41819275,79.67223494,79.69828939,79.29941801,79.45934852
2067.316,79.27568439,79.66489719,79.43629866,79.68782989,79.72471952,79.3122006,79.47929387
2066.834,79.28481187,79.6799403,79.45239627,79.69920696,79.74381339,79.31950586,79.49283761
2066.352,79.28298629,79.68471065,79.4626419,79.70324437,79.75079114,79.31767948,79.49540019
2065.87,79.27020841,79.67938989,79.46630138,79.70012453,79.74601682,79.3067221,79.48698057
2065.388,79.25195787,79.66929976,79.46721627,79.69516975,79.73444948,79.29394039,79.47270586
2064.906,79.23553598,79.66086172,79.47069297,79.69388522,79.72306738,79.28481187,79.45953148
2064.424,79.22641418,79.65939432,79.48057494,79.69994102,79.71737694,79.28298629,79.45385985
2063.942,79.22458994,79.6654475,79.49613238,79.71260462,79.71829472,79.2921146,79.45642118
2063.459,79.22823845,79.67608752,79.51334062,79.72747316,79.72288381,79.30489601,79.46447162
2062.977,79.23371153,79.68581155,79.52615769,79.73867228,79.72655527,79.31950586,79.47252287
2062.495,79.23918499,79.69168323,79.53110197,79.74252808,79.72673884,79.33046501,79.4763658
2062.013,79.24283418,79.69351822,79.52927072,79.74032474,79.72435237,79.33777195,79.4758168
2061.531,79.25013305,79.69461924,79.52524212,79.73646905,79.72361809,79.3432526,79.47380383
2061.049,79.26290769,79.69865642,79.52432655,79.73683625,79.72894181,79.35238786,79.47453581
2060.567,79.28298629,79.70746553,79.52963696,79.74436424,79.74234447,79.36700645,79.48057494
2060.085,79.30489601,79.71847828,79.53915997,79.7574022,79.76144256,79.38345559,79.4902751
2059.602,79.32133228,79.72618811,79.54685246,79.7695239,79.77925933,79.39625173,79.49869507
2059.12,79.32681179,79.72435237,79.54557033,79.77319751,79.78881222,79.39990814,79.49961034
2058.638,79.31585315,79.71040211,79.5312851,79.76383014,79.78587275,79.38711142,79.48990904
2058.156,79.2921146,79.686362,79.50528523,79.74179363,79.77099332,79.36335155,79.47069297
2057.674,79.26473281,79.65957775,79.47471881,79.71297171,79.75024024,79.33594516,79.44837156
2057.192,79.24100956,79.63867027,79.44873744,79.68562806,79.73206277,79.31037439,79.43099449
2056.71,79.23188713,79.62931871,79.43410379,79.66654812,79.72251667,79.29394039,79.42367896
2056.228,79.23918499,79.63316922,79.43337218,79.65847722,79.72343452,79.2921146,79.42733664
2055.746,79.25560764,79.64582221,79.44233489,79.65866064,79.73206277,79.30124397,79.4406886
2055.263,79.27385902,79.65994459,79.45312806,79.66122857,79.74105918,79.3122006,79.45422575
2054.781,79.28298629,79.66764876,79.45733597,79.6592109,79.74326254,79.31950586,79.46026334
2054.299,79.27568439,79.66306286,79.4485545,79.64692257,79.73261354,79.31402685,79.45257922
2053.817,79.24648353,79.64343816,79.42367896,79.62143491,79.7061808,79.2921146,79.42733664
2053.335,79.1954079,79.60731935,79.38162774,79.58111139,79.66214571,79.25195787,79.38162774
2052.853,79.12249981,79.55417933,79.32498525,79.52560834,79.60035416,79.1917609,79.31767948
2052.371,79.02781964,79.48405222,79.25195787,79.4544087,79.52121372,79.11156939,79.23371153
2051.889,78.91871405,79.39807991,79.1680595,79.36883397,79.42916554,79.01508288,79.13343175
2051.406,78.80068632,79.30489601,79.07514555,79.2775098,79.32863838,78.91326273,79.02599998
2050.924,78.69189431,79.21182147,78.98961554,79.18993746,79.23736047,78.81883293,78.92416575
2050.442,78.60496886,79.13707606,78.92053125,79.12067797,79.16623661,78.74808475,78.84424522
2049.96,78.55973323,79.09699784,78.88419537,79.08789199,79.13343175,78.71545316,78.8043153
2049.478,78.56335112,79.09699784,78.88964468,79.09699784,79.14801001,78.72814161,78.8097591
2048.996,78.61220898,79.13889828,78.93507028,79.14801001,79.2027024,78.78254388,78.86058601
2048.514,78.69370628,79.2063499,79.0096249,79.22823845,79.28298629,78.86240187,78.94234081
2048.032,78.78435793,79.28298629,79.09153421,79.31585315,79.36883397,78.94779414,79.03145909
2047.55,78.86058601,79.34507957,79.16259095,79.39076742,79.43776195,79.01690229,79.10610475
2047.067,78.91144571,79.38345559,79.21182147,79.43904234,79.47874485,79.0587603,79.15347755
2046.585,78.93143527,79.39807991,79.23553598,79.46062927,79.49283761,79.0733248,79.17717458
2046.103,78.93507028,79.39807991,79.24465883,79.46520352,79.49173938,79.07514555,79.1844674
2045.621,78.93507028,79.39625173,79.25013305,79.46666733,79.4902751,79.07514555,79.19358438
2045.139,78.94234081,79.40539308,79.25925758,79.47471881,79.49851202,79.08607094,79.20999758
2044.657,78.9623382,79.42185018,79.27568439,79.4902751,79.51700243,79.10610475,79.23736047
2044.175,78.98779675,79.44196904,79.28663749,79.50674979,79.53751168,79.12796559,79.26473281
2043.693,79.00780566,79.45257922,79.28663749,79.51334062,79.54905045,79.14072054,79.28116075
2043.21,79.01326352,79.44672515,79.26838317,79.50308845,79.54428821,79.13343175,79.27933525
2042.728,79.00234818,79.42550778,79.23371153,79.4767318,79.52359411,79.1097478,79.25560764
2042.246,78.98415931,79.39625173,79.19358438,79.44251781,79.49594933,79.07514555,79.2209416
2041.764,78.96597463,79.36883397,79.15894546,79.4108784,79.47233988,79.04237844,79.18629072
2041.282,78.95870193,79.35421504,79.13889828,79.39259548,79.46008037,79.02054124,79.16441376
2040.8,78.96052005,79.35238786,79.13343175,79.38528349,79.4589826,79.01144419,79.15530014
2040.318,78.96779291,79.35604225,79.13889828,79.38345559,79.4609952,79.00780566,79.15530014
2039.836,78.9714296,79.35421504,79.14072054,79.37979994,79.45550641,79.00598646,79.15530014
2039.354,78.96597463,79.3432526,79.13525388,79.36883397,79.43648157,78.99507213,79.14983248
2038.871,78.9514299,79.32315874,79.12067797,79.34873363,79.40539308,78.98052204,79.13889828
2038.389,78.93507028,79.30306997,79.1097478,79.33229168,79.37066152,78.96597463,79.12796559
2037.907,78.92598307,79.29028886,79.10792625,79.32681179,79.34507957,78.96052005,79.12614362
2037.425,78.93143527,79.29394039,79.1243217,79.33959879,79.33777195,78.9714296,79.13525388
2036.943,78.949612,79.3122006,79.15712278,79.36883397,79.34690658,78.99507213,79.15712278
2036.461,78.97688494,79.33777195,79.19723146,79.40904992,79.37066152,79.02599998,79.1844674
2035.979,79.00598646,79.36335155,79.23553598,79.44763982,79.39807991,79.05511959,79.20452613
2035.497,79.02963934,79.38162774,79.26290769,79.47837884,79.42367896,79.07696635,79.21729342
2035.015,79.04965885,79.39625173,79.28116075,79.50107479,79.44946919,79.09335538,79.22276575
2034.532,79.07514555,79.41270693,79.2975921,79.52322789,79.48240507,79.10792625,79.23188713
2034.05,79.11339102,79.44233489,79.31950586,79.5536298,79.52982009,79.13525388,79.25378274
2033.568,79.16623661,79.48826176,79.35604225,79.59778819,79.5944892,79.17535148,79.29576622
2033.086,79.22823845,79.54740195,79.40356473,79.65260798,79.66985009,79.22641418,79.35056072
2032.604,79.29028886,79.60988563,79.45166449,79.70875027,79.74289531,79.28298629,79.4108784
2032.122,79.33777195,79.66361315,79.48881085,79.75428024,79.79928498,79.33046501,79.45916556
2031.64,79.36517898,79.70214324,79.50839745,79.78274968,79.83089532,79.36335155,79.48844479
2031.158,79.37614444,79.727106,79.51242519,79.79561017,79.83971904,79.38528349,79.49961034
2030.675,79.38162774,79.74711856,79.5113267,79.8020412,79.83714536,79.40173642,79.50253927
2030.193,79.39442358,79.77301382,79.51736862,79.81288324,79.83696153,79.42367896,79.50986206
2029.711,79.42002145,79.81031042,79.53861054,79.83549089,79.84909532,79.45550641,79.53018634
2029.229,79.45843372,79.85645003,79.5748814,79.86785117,79.87410411,79.49411889,79.56388848
2028.747,79.50070867,79.90188039,79.61813494,79.90169641,79.90500812,79.53183448,79.60347009
2028.265,79.53549714,79.93555598,79.65719328,79.92653763,79.9318749,79.55949174,79.63885365
2027.783,79.55656071,79.95249115,79.68544458,79.93666034,79.94844111,79.57231625,79.66324629
2027.301,79.56572053,79.95580497,79.70324437,79.93481975,79.95617319,79.57396526,79.67810562
2026.819,79.57176658,79.95635729,79.71829472,79.93040251,79.96316952,79.57414849,79.69131624
2026.336,79.58605909,79.96648378,79.73995753,79.93500381,79.97863726,79.58312708,79.71297171
2025.854,79.61428516,79.99318703,79.77246277,79.95451625,80.00773946,79.60695275,79.74840394
2025.372,79.65334161,80.03390363,79.81251569,79.98655643,80.04625167,79.64270462,79.79450776
2024.89,79.69315122,80.07869739,79.85001462,80.02211027,80.08386042,79.68159154,79.84210897
2024.408,79.7217824,80.11539901,79.87318453,80.04993802,80.10875827,79.71315526,79.87925394
2023.926,79.73298073,80.1369852,79.87667898,80.06450077,80.11558348,79.73242995,79.89985662
2023.444,79.72930897,80.14418189,79.86343764,80.06837232,80.10709817,79.74105918,79.90611206
2022.962,79.72123171,80.14639639,79.84449897,80.07242844,80.09474075,79.74840394,79.90721601
2022.479,79.72086458,80.15451673,79.83236587,80.08773291,80.09142117,79.7630955,79.91402405
2021.997,79.73536746,80.17445197,79.8342041,80.12037992,80.10433142,79.78936339,79.93316326
2021.515,79.7630955,80.20436412,79.84891146,80.16688338,80.13163424,79.82335916,79.96169655
2021.033,79.7941403,80.23465693,79.86729947,80.21544553,80.16356081,79.85479516,79.99024003
2020.551,79.8171102,80.25424252,79.87925394,80.25239462,80.18848344,79.87300061,80.00792368
2020.069,79.82519718,80.25756885,79.87907002,80.26902726,80.19900866,79.87300061,80.00866058
2019.587,79.82041841,80.24666639,79.86950631,80.26588527,80.19679271,79.85865658,79.99558155
2019.105,79.81288324,80.23170103,79.86086318,80.25239462,80.1912531,79.84155744,79.97918973
2018.623,79.81472102,80.22486593,79.86546048,80.24167763,80.1934689,79.8342041,79.972192
2018.14,79.83328498,80.23354846,79.88973857,80.24297098,80.2106434,79.84449897,79.982873
2017.658,79.86693167,80.25738405,79.9315068,80.25793845,80.24167763,79.8713454,80.00995018
2017.176,79.90611206,80.28769688,79.98011053,80.2801176,80.27771456,79.90648004,80.0451458
2016.694,79.93813284,80.31395261,80.0228473,80.30045387,80.30821999,79.93831691,80.07666914
2016.212,79.95506856,80.32967317,80.05141261,80.31302796,80.3280085,79.96059185,80.09732274
2015.73,79.9585666,80.33614724,80.06671306,80.31950069,80.33929197,79.9738493,80.10783599
2015.248,79.95690961,80.34114188,80.07703791,80.32726865,80.35187215,79.98545138,80.1161369
2014.766,79.96040773,80.35261222,80.09197442,80.34484181,80.37426233,80.00313397,80.13015817
2014.283,79.97440175,80.37333699,80.11595243,80.37518767,80.4096182,80.02948092,80.15340936
2013.801,79.99594995,80.39869509,80.14528913,80.41332128,80.45147298,80.05952333,80.1814674
2013.319,80.01510878,80.41813555,80.17020609,80.44869434,80.48686282,80.08330722,80.20436412
2012.837,80.0215575,80.42165385,80.18035966,80.46981447,80.5028026,80.09086792,80.21175156
2012.355,80.00995018,80.40535986,80.17131369,80.47148208,80.49242285,80.07888177,80.19974732
2011.873,79.98397801,80.3750026,80.14787275,80.45703057,80.4603653,80.05233424,80.17334433
2011.391,79.95525266,80.34317682,80.12222478,80.43758071,80.41961692,80.02413713,80.14473551
2010.909,79.93702846,80.32338458,80.10802045,80.42535749,80.38536721,80.00681834,80.12683712
2010.427,79.93831691,80.32375448,80.1135543,80.4288761,80.36871046,80.00884481,80.12720612
2009.944,79.96022362,80.34391681,80.13846139,80.44758291,80.37130128,80.02984947,80.14528913
2009.462,79.99650254,80.3770384,80.17519041,80.47537332,80.38777347,80.06321029,80.17389815
2008.98,80.03924807,80.4146174,80.21507613,80.50447089,80.4099885,80.100827,80.20510284
2008.498,80.08386042,80.45295497,80.25350335,80.5313538,80.43424692,80.13901497,80.23650443
2008.016,80.13181875,80.49483231,80.2937978,80.56028612,80.46332963,80.1807289,80.27272387
2007.534,80.18940665,80.54767332,80.34428681,80.60017783,80.50558311,80.23317897,80.32393943
2007.052,80.26071051,80.61706818,80.41146972,80.65791661,80.5684484,80.30137837,80.39776947
2006.57,80.34354681,80.70064392,80.49464697,80.73372667,80.65197373,80.38370138,80.49316422
2006.088,80.4266538,80.78709654,80.58273437,80.816679,80.74599676,80.46888803,80.59720846
2005.605,80.49409093,80.85911804,80.65884522,80.89021691,80.83398697,80.5408113,80.69023866
2005.123,80.53191009,80.90213821,80.70714788,80.93865813,80.89971656,80.58570321,80.75324814
2004.641,80.53654601,80.91145295,80.72145845,80.95487378,80.93548993,80.59887872,80.77705213
2004.159,80.51652074,80.89468719,80.70882041,80.94406298,80.94443575,80.5879299,80.76626508
2003.677,80.48908679,80.86842782,80.68522232,80.92151407,80.9394036,80.56826288,80.73670107
2003.195,80.47148208,80.84906467,80.66776046,80.90306964,80.93399906,80.55546334,80.70640454
2002.713,80.47314973,80.84571383,80.66627452,80.89897145,80.93679447,80.55768921,80.68838072
2002.231,80.49242285,80.85576678,80.67927743,80.90847212,80.94629958,80.57252985,80.68466497
2001.748,80.51763313,80.86805541,80.69618436,80.92263205,80.95319615,80.58904327,80.68838072
2001.266,80.53506249,80.86973128,80.70343127,80.92934026,80.94779068,80.59516709,80.6889381
2000.784,80.53580425,80.85334651,80.69321145,80.92188673,80.92524073,80.58421878,80.68020629
2000.302,80.52078496,80.82226181,80.66776046,80.90176565,80.89040317,80.55954414,80.66348845
1999.82,80.4994661,80.78746858,80.63823251,80.87866983,80.85613913,80.53191009,80.64695977
1999.338,80.48352699,80.7627317,80.61836758,80.8637728,80.83528987,80.51448141,80.64064634
1998.856,80.47926474,80.75603731,80.61632567,80.8635866,80.835476,80.51429602,80.64918816
1998.374,80.48556554,80.76607911,80.63117711,80.8764351,80.8540912,80.52987037,80.66887493
1997.892,80.49279353,80.78300422,80.6532737,80.89263828,80.87978721,80.55138276,80.68930969
1997.409,80.49001346,80.79509576,80.66980367,80.90064795,80.899344,80.56659326,80.69859992
1996.927,80.47166737,80.79453765,80.67221845,80.89375586,80.90437365,80.56789185,80.69098185
1996.445,80.44128508,80.78207417,80.66070248,80.87401421,80.895246,80.55546334,80.66943218
1995.963,80.4099885,80.76626508,80.64343161,80.85074015,80.88034591,80.53747323,80.64547421
1995.481,80.39073512,80.757153,80.63099145,80.83510374,80.87066233,80.52338069,80.63117711
1994.999,80.3903649,80.76087209,80.63006316,80.83398697,80.87215204,80.51874553,80.6337764
1994.517,80.40721128,80.77519219,80.63878954,80.84534152,80.88258075,80.52189741,80.65141661
1994.035,80.43017247,80.79044495,80.64844536,80.86004897,80.8920795,80.52467858,80.67333298
1993.552,80.44554532,80.79528179,80.64714547,80.86582098,80.88816811,80.51652074,80.68596546
1993.07,80.44332256,80.78281821,80.6278353,80.8548359,80.86395899,80.49316422,80.68020629
1992.588,80.4229501,80.75529352,80.59312577,80.82840335,80.82207571,80.45777161,80.65661657
1992.106,80.39462245,80.72406065,80.55490689,80.79751428,80.7750062,80.4229501,80.62542185
1991.624,80.3722266,80.70250214,80.52838697,80.77612215,80.73893194,80.40202741,80.60110578
1991.142,80.36667487,80.69934319,80.52375151,80.77426223,80.7251759,80.40350848,80.59368248
1990.66,80.37833394,80.71328067,80.5411822,80.79156112,80.73391257,80.42424638,80.6035185
1990.178,80.39888022,80.73391257,80.57067462,80.81872598,80.75566541,80.45351072,80.62152336
1989.696,80.41665421,80.74897161,80.59813638,80.84236312,80.77630815,80.47722635,80.6348904
1989.213,80.42276492,80.75101688,80.61391257,80.85316034,80.78653848,80.48686282,80.63544741
1988.731,80.41683937,80.74116287,80.61576879,80.84869235,80.7843063,80.48167381,80.62245156
1988.249,80.405545,80.72796409,80.60890097,80.83510374,80.77593616,80.46944389,80.6035185
1987.767,80.39832484,80.72164432,80.60166255,80.82095912,80.77017057,80.4598095,80.58811546
1987.285,80.40054636,80.72703468,80.59869313,80.81184087,80.77240236,80.45814213,80.58273437
1986.803,80.4103588,80.74097695,80.59720846,80.8071891,80.78021412,80.46221799,80.58551765
1986.321,80.41869106,80.75250438,80.58885771,80.79974683,80.78486434,80.46314435,80.58811546
1985.839,80.41535805,80.74934347,80.56436716,80.78133015,80.77575016,80.45054676,80.58013674
1985.356,80.39425222,80.72536177,80.52059956,80.74822788,80.74729824,80.41924657,80.55583432
1984.874,80.35779291,80.68317872,80.46295908,80.70454623,80.70231631,80.37296686,80.51781852
1984.392,80.31524713,80.6337764,80.40443417,80.6601453,80.65067379,80.32190498,80.47518801
1983.91,80.27697518,80.58959996,80.35797794,80.62523621,80.60370409,80.27771456,80.43832157
1983.428,80.24814461,80.55713273,80.33022807,80.60407529,80.56770634,80.24611207,80.41165487
1982.946,80.22468121,80.53394986,80.31746635,80.59201234,80.53969859,80.22449648,80.39092022
1982.464,80.19531544,80.50910524,80.30618594,80.5766115,80.50929062,80.20196335,80.3640842
1981.982,80.14768821,80.46999975,80.28141157,80.54452043,80.46536766,80.16688338,80.31876092
1981.5,80.07685353,80.41128457,80.23484168,80.49001346,80.40350848,80.1135543,80.25036198
1981.017,79.99042422,80.33873701,80.17112909,80.4190614,80.33078297,80.04827914,80.16706797
1980.535,79.90740001,80.26995139,80.10728263,80.34909694,80.26496118,79.98710896,80.08865496
1980.053,79.85166939,80.2267132,80.06560691,80.30230288,80.22763685,79.95083429,80.03980096
1979.571,79.8426605,80.22652847,80.06579126,80.2965711,80.23558067,79.95580497,80.03998526
1979.089,79.88863486,80.27512676,80.11539901,80.33855203,80.29305827,80.00755523,80.09640059
1978.607,79.98305716,80.36482438,80.20861182,80.4220242,80.39184576,80.09935151,80.20159401
1978.125,80.11023394,80.47907943,80.32874835,80.53153923,80.51392524,80.21599964,80.33707215
1977.643,80.25073154,80.59980665,80.45740109,80.65048808,80.64120339,80.34132687,80.48222976
1977.161,80.39110533,80.71513919,80.58143554,80.76756689,80.76217381,80.46499711,80.62226592
1976.678,80.52504941,80.82188961,80.69599855,80.88015968,80.87438665,80.58384767,80.75101688
1976.196,80.65253086,80.92319105,80.80290971,80.99048506,80.98097476,80.69990064,80.86935886
1975.714,80.77296032,81.02126134,80.90381479,81.10021396,81.08490272,80.81314342,80.97855074
1975.232,80.88164956,81.11384714,80.99589338,81.20541684,81.18242126,80.91853287,81.07594138
1974.75,80.96960115,81.19307694,81.07090106,81.29652834,81.26471189,81.00615152,81.15401296
1974.268,81.02816429,81.25086627,81.12094477,81.36300873,81.32142871,81.06604772,81.2048559
1973.786,81.05503544,81.28492325,81.14298873,81.39992411,81.34933367,81.09517214,81.22710969
1973.304,81.05708846,81.30158268,81.14392293,81.41173307,81.35382933,81.10021396,81.22841893
1972.821,81.04924993,81.31375184,81.13775742,81.4111707,81.34914636,81.09535887,81.22355616
1972.339,81.04701048,81.33472451,81.13962571,81.41229545,81.35101951,81.0955456,81.22785783
1971.857,81.05988812,81.37106497,81.15831095,81.42485615,81.36844192,81.10992503,81.25067919
1971.375,81.08676979,81.41904424,81.19232913,81.44885811,81.40029897,81.13719694,81.28960252
1970.893,81.11870335,81.46705181,81.23141155,81.47699441,81.43704376,81.16802897,81.33360084
1970.411,81.14354925,81.5011994,81.26265361,81.49857215,81.4659263,81.19083352,81.36881664
1969.929,81.15476042,81.51358613,81.27837272,81.50739253,81.47943334,81.19868575,81.38624285
1969.447,81.15326551,81.50607879,81.27912133,81.50457741,81.47887051,81.19345085,81.38586806
1968.965,81.14822038,81.48881455,81.2746298,81.49894747,81.47474315,81.18485138,81.37724821
1968.482,81.15083634,81.47493075,81.27650124,81.50044875,81.47905812,81.18447751,81.37200179
1968,81.1670945,81.47249195,81.29203585,81.51546307,81.50026109,81.19887272,81.37912201
1967.518,81.19438563,81.48149712,81.32011797,81.54230806,81.53667551,81.22580048,81.3978624
1967.036,81.22318211,81.4940685,81.35158147,81.57273054,81.57836558,81.25610488,81.42073153
1966.554,81.24319607,81.50082407,81.37556183,81.59715186,81.61312359,81.27855987,81.43741879
1966.072,81.2504921,81.49819684,81.38774206,81.61218399,81.63360957,81.28866664,81.44304449
1965.59,81.25086627,81.49162912,81.39280207,81.62233225,81.64300853,81.29091276,81.44173179
1965.108,81.25647908,81.49219205,81.40217331,81.63830891,81.65146851,81.29634114,81.44416967
1964.625,81.27912133,81.51058311,81.42691854,81.66933137,81.67027163,81.31543694,81.46104931
1964.143,81.32255221,81.5500065,81.47117878,81.71767467,81.70469253,81.35233075,81.4966956
1963.661,81.38099586,81.60447968,81.52897832,81.77621398,81.75098611,81.40142357,81.5460633
1963.179,81.44191932,81.66180969,81.58738245,81.83253407,81.79843601,81.45185885,81.5979034
1962.697,81.49237969,81.70977225,81.63304567,81.8741869,81.83649112,81.49219205,81.64075268
1962.215,81.52672562,81.74345692,81.66030544,81.89718985,81.86042593,81.51884167,81.66989552
1961.733,81.54981873,81.76792934,81.67346858,81.90737355,81.87512952,81.53761424,81.69039575
1961.251,81.57460885,81.79579918,81.68682194,81.91944475,81.89322986,81.56277626,81.71504045
1960.769,81.6140632,81.83950615,81.71485229,81.94774361,81.92755609,81.60729824,81.75719822
1960.286,81.67422083,81.90435602,81.76567004,81.99965025,81.98435797,81.67741794,81.8231133
1959.804,81.74948022,81.98398042,81.83573738,82.07105194,82.05801366,81.76661141,81.90718495
1959.322,81.82518578,82.06406014,81.91133421,82.1478119,82.13476143,81.85948348,81.9947413
1958.84,81.88493337,82.12795331,81.97624101,82.21347399,82.1977633,81.9375549,82.06840632
1958.358,81.91944475,82.16672931,82.01947782,82.25778295,82.23695097,81.98813358,82.11660769
1957.876,81.92963122,82.18186638,82.0400658,82.27937801,82.25229037,82.00965785,82.1381657
1957.394,81.92680151,82.18432641,82.04705555,82.28771447,82.25361613,82.01079086,82.14194839
1956.912,81.92510374,82.18754349,82.05310122,82.29415685,82.25399492,82.00455949,82.14043529
1956.429,81.9334043,82.20041308,82.06689458,82.30685361,82.26289705,82.00059431,82.14289409
1955.947,81.95170623,82.22256106,82.08862855,82.32637634,82.28108313,82.00210483,82.15121671
1955.465,81.97284344,82.2464194,82.11188082,82.34590369,82.30268431,82.00531478,82.16010772
1954.983,81.98681209,82.26213939,82.12719688,82.35671208,82.31898369,82.00455949,82.16256711
1954.501,81.98775601,82.26479125,82.12965528,82.3550054,82.32523896,81.99719574,82.15575668
1954.019,81.97907241,82.25721473,82.12209121,82.34381802,82.32391205,81.98756722,82.14402894
1953.537,81.97057848,82.24963891,82.11414968,82.33301133,82.32410161,81.98454675,82.13778744
1953.055,81.97359845,82.25247976,82.1175531,82.33301133,82.3352863,81.99681813,82.14724445
1952.573,81.99455251,82.27180015,82.13835483,82.34988556,82.36297022,82.02835457,82.17751418
1952.09,82.03118778,82.30495845,82.17505435,82.38136811,82.40432381,82.07445357,82.22464365
1951.608,82.07407561,82.34324922,82.21915329,82.41912509,82.4502544,82.12549496,82.27843074
1951.126,82.1126371,82.37662599,82.26024525,82.45386161,82.49089204,82.17051332,82.32713459
1950.644,82.14043529,82.40014957,82.29226198,82.48044587,82.52071837,82.20419864,82.36353916
1950.162,82.15954018,82.41703757,82.31633008,82.50133953,82.54181229,82.22899834,82.38914577
1949.68,82.17789263,82.43601698,82.33983644,82.52413864,82.56215116,82.25304794,82.4113446
1949.198,82.20495577,82.46658301,82.37131514,82.55720854,82.59067204,82.28525133,82.43981338
1948.716,82.24547251,82.51235831,82.41419103,82.60341455,82.6308081,82.32940941,82.47911646
1948.234,82.29586227,82.56842491,82.46449428,82.65802039,82.67819753,82.3815578,82.52603885
1947.751,82.34590369,82.62357836,82.5125483,82.71037693,82.72256648,82.43146152,82.57165703
1947.269,82.385162,82.66601452,82.54751427,82.74904684,82.75323876,82.46886168,82.6055068
1946.787,82.407929,82.68962074,82.56424236,82.76848387,82.76524405,82.48842283,82.62300762
1946.305,82.41817621,82.69780834,82.56652372,82.77191441,82.76295719,82.49355127,82.62776392
1945.823,82.42595734,82.70104552,82.56557315,82.77000854,82.75762144,82.49469097,82.62985678
1945.341,82.4426608,82.71056738,82.57298794,82.77439211,82.76124209,82.50247933,82.64070244
1944.859,82.47436871,82.73228131,82.59542648,82.79154744,82.78068199,82.52223847,82.66620487
1944.377,82.51672824,82.76295719,82.6302373,82.81976617,82.81328264,82.55093565,82.70275937
1943.894,82.55853922,82.79211935,82.6671566,82.85028372,82.84875758,82.57850193,82.7400921
1943.412,82.58648836,82.8075623,82.69400005,82.87279762,82.87470586,82.5933345,82.76524405
1942.93,82.59276396,82.80432095,82.70409239,82.88214841,82.88482026,82.59067204,82.772105
1942.448,82.5826852,82.78849735,82.7016168,82.88329348,82.88310263,82.57641037,82.76448176
1941.966,82.57089652,82.77629808,82.70047424,82.88901905,82.88233925,82.56557315,82.75647811
1941.484,82.57507941,82.78449426,82.71647148,82.91268895,82.89798991,82.5739386,82.76391004
1941.002,82.60493618,82.82186389,82.757812,82.959858,82.93732045,82.60931101,82.79536022
1940.52,82.65840105,82.88367517,82.82091038,83.02540447,82.99711568,82.66734695,82.84799451
1940.038,82.72332838,82.95603764,82.89340892,83.09616864,83.0646042,82.73532934,82.91020711
1939.555,82.78468488,83.02291926,82.96043107,83.15818463,83.12602242,82.79821992,82.96807236
1939.073,82.8323533,83.07397663,83.01240572,83.20319433,83.1727383,82.84665917,83.01336144
1938.591,82.86459269,83.10764959,83.04758351,83.23155336,83.20376908,82.87947665,83.04528885
1938.109,82.88749219,83.13119051,83.07302021,83.25129542,83.22695394,82.90314382,83.0711074
1937.627,82.91077983,83.15473809,83.09808202,83.27276782,83.2518705,82.92719964,83.10056949
1937.145,82.94113994,83.18614524,83.1298506,83.30287686,83.2854238,82.95756576,83.1398047
1936.663,82.97953561,83.2261874,83.16909964,83.34201569,83.32781615,82.99463131,83.18844379
1936.181,83.01986064,83.26874133,83.20951679,83.38347685,83.37234174,83.0320958,83.23902796
1935.698,83.05389414,83.30537045,83.24286135,83.41900396,83.41036084,83.06211781,83.28216374
1935.216,83.07684595,83.33088611,83.26356469,83.44378588,83.43590866,83.08067187,83.31112518
1934.734,83.09042876,83.34662147,83.2735348,83.45896604,83.45051093,83.09004611,83.32685681
1934.252,83.10286567,83.36024838,83.28005436,83.47280353,83.4614643,83.09884739,83.33645072
1933.77,83.12353419,83.38040495,83.29271145,83.49356406,83.47780096,83.1168355,83.34930829
1933.288,83.15741872,83.41247352,83.31745584,83.52625313,83.50529219,83.14918562,83.37138188
1932.806,83.20319433,83.45416189,83.35314676,83.56799837,83.5424101,83.19380732,83.40229473
1932.324,83.25206219,83.49760142,83.39250122,83.61072706,83.58223884,83.24228633,83.43571654
1931.842,83.29367039,83.53356185,83.4264954,83.64461759,83.61631035,83.28484849,83.46396264
1931.359,83.32206026,83.55664621,83.45012662,83.66426498,83.63961017,83.31515373,83.48279869
1930.877,83.33779395,83.56953776,83.46473138,83.6719711,83.65424809,83.33472373,83.49452532
1930.395,83.34892445,83.58127657,83.47799317,83.67640244,83.6679253,83.3512275,83.50721499
1929.913,83.36466321,83.60167908,83.49837047,83.68757817,83.68911976,83.37387753,83.52952274
1929.431,83.39115711,83.63652883,83.53125376,83.71128335,83.72207818,83.40824821,83.56568933
1928.949,83.42687959,83.6837243,83.57396367,83.74637163,83.76449991,83.45243247,83.6134224
1928.467,83.46511575,83.73518805,83.61881333,83.78591176,83.80810098,83.49913952,83.66368705
1927.985,83.49683239,83.78012423,83.65655958,83.82083831,83.84400207,83.53913999,83.70685016
1927.502,83.51721428,83.81234654,83.68256817,83.84612573,83.86755844,83.56703626,83.73750177
1927.02,83.52798408,83.83261242,83.69856266,83.86350319,83.88127053,83.58397095,83.75659241
1926.538,83.5370241,83.84786331,83.71282538,83.87991853,83.89382581,83.59667423,83.77163658
1926.056,83.55299076,83.866786,83.73403122,83.90290542,83.91372496,83.61361493,83.79112087
1925.574,83.58012186,83.89421216,83.76642868,83.93575476,83.94561207,83.63864724,83.81929429
1925.092,83.61592529,83.92744459,83.80636422,83.9744175,83.98582641,83.66927388,83.85346244
1924.61,83.6509736,83.95856362,83.84458124,84.00980952,84.02509265,83.69759905,83.88494034
1924.128,83.67486108,83.97731793,83.86929647,84.03109058,84.05179643,83.71340365,83.9036782
1923.646,83.68083402,83.97828476,83.87451077,84.032832,84.06031246,83.71243987,83.90464418
1923.163,83.67216376,83.96475015,83.86311698,84.01890168,84.05334473,83.69836994,83.89170094
1922.681,83.66021956,83.94870479,83.84824945,84.00265255,84.04328126,83.68353161,83.87760088
1922.199,83.65964165,83.94464561,83.84535348,83.99878418,84.04482941,83.68256817,83.87663521
1921.717,83.67909989,83.9614635,83.86504802,84.01696709,84.0670872,83.70415182,83.89788254
1921.235,83.71764442,83.9976237,83.90618978,84.05566725,84.10832806,83.74637163,83.93923368
1920.753,83.76507853,84.04328126,83.95875695,84.10406751,84.15792132,83.79883867,83.99027438
1920.271,83.80848693,84.08509129,84.00864889,84.14862036,84.20172718,83.84786331,84.03728245
1919.789,83.83743835,84.11297619,84.04463589,84.17904608,84.22984471,83.88320199,84.06979724
1919.307,83.849794,84.12479134,84.06302229,84.19261523,84.23915465,83.90174627,84.0852849
1918.824,83.85114551,84.12634099,84.06882936,84.19494159,84.23585726,83.90831502,84.08896364
1918.342,83.85269012,84.12808438,84.07231379,84.19746189,84.23197815,83.91256566,84.09167439
1917.86,83.86466181,84.14009538,84.08412323,84.2102584,84.23837878,83.92454589,84.10290558
1917.378,83.89112144,84.16547911,84.10910273,84.23740896,84.25971775,83.94735171,84.12595357
1916.896,83.92725134,84.19978838,84.14300153,84.27446419,84.29251269,83.97731793,84.15695243
1916.414,83.96455681,84.23411164,84.17788311,84.31270054,84.32745626,84.00690797,84.18699346
1915.932,83.99588301,84.26262803,84.20676825,84.34512768,84.35814088,84.03070361,84.2106462
1915.45,84.02025591,84.28552572,84.22848709,84.37076754,84.38300749,84.0486999,84.22848709
1914.967,84.04270071,84.3082355,84.24749568,84.39408327,84.40690966,84.06670005,84.24633176
1914.485,84.06921651,84.33794215,84.27019522,84.42148748,84.43587339,84.09128713,84.27174755
1914.003,84.10387385,84.37853873,84.30008257,84.4559011,84.47340494,84.12634099,84.30842963
1913.521,84.14435776,84.42751371,84.33580603,84.49577623,84.51737501,84.16916136,84.35425613
1913.039,84.18369811,84.47710066,84.37096181,84.53430764,84.56039442,84.21277916,84.40166226
1912.557,84.21355479,84.51815344,84.39796985,84.56389923,84.59389074,84.24807764,84.44092848
1912.075,84.22887498,84.54442991,84.41215738,84.57986741,84.61259213,84.26922503,84.4658195
1911.593,84.23120234,84.55630566,84.41487855,84.58415207,84.61785264,84.27698687,84.47612808
1911.111,84.22809921,84.56097854,84.41312922,84.58473636,84.61687845,84.27776309,84.47846228
1910.628,84.22906893,84.5675989,84.4168223,84.59038469,84.61960622,84.28106212,84.48215822
1910.146,84.24167627,84.58317826,84.43237389,84.60772158,84.63305151,84.29367724,84.49441433
1909.664,84.26592646,84.6079164,84.45998501,84.63616957,84.65780423,84.31697167,84.51659658
1909.182,84.2963946,84.63675422,84.49402522,84.66911103,84.68782905,84.34571032,84.54345656
1908.7,84.32454374,84.66170296,84.52574358,84.69816473,84.71493852,84.372516,84.56798835
1908.218,84.34473926,84.67788459,84.54988087,84.71805959,84.73366667,84.392723,84.58551542
1907.736,84.35833512,84.68724405,84.56701473,84.73034993,84.7449836,84.40690966,84.59700735
1907.254,84.37135035,84.69640953,84.58298351,84.74205667,84.75552142,84.4210987,84.60889049
1906.771,84.39214004,84.71337803,84.60577344,84.76157149,84.77347774,84.44287283,84.62876438
1906.289,84.42498653,84.74205667,84.63967752,84.79378078,84.80354359,84.47554455,84.66033838
1905.807,84.46756992,84.78011474,84.6823692,84.83596417,84.84436429,84.51776422,84.70167525
1905.325,84.51250994,84.82014294,84.72703331,84.88110018,84.88891838,84.5621468,84.74537387
1904.843,84.55104897,84.85315601,84.76488946,84.9198073,84.92880239,84.60070848,84.78284777
1904.361,84.57753041,84.87425985,84.79065692,84.94640424,84.95853207,84.62817978,84.80940181
1903.879,84.59330639,84.88461828,84.8047152,84.96205338,84.97868376,84.64571932,84.82580699
1903.397,84.60479938,84.89165492,84.81408868,84.97320516,84.99492598,84.6593637,84.83889435
1902.915,84.62077529,84.90436143,84.82717423,84.98827216,85.01528205,84.67710468,84.85628217
1902.432,84.64630404,84.92821573,84.84924847,85.01312878,85.0440629,84.70343056,84.88285921
1901.95,84.6810043,84.96205338,84.88051384,85.04660861,85.08049344,84.73776401,84.91726538
1901.468,84.71786452,84.9996231,84.91491906,85.08245251,85.11791954,84.77445374,84.95285916
1900.986,84.74927663,85.03231444,84.94542626,85.11243196,85.14869573,84.80588683,84.98220591
1900.504,84.77015944,85.05542128,84.96733562,85.13203208,85.16869641,84.82795552,85.00118887
1900.022,84.78226211,85.07030698,84.98181455,85.14222592,85.17948304,84.8424107,85.01175854
1899.54,84.79260932,85.08362798,84.9955131,85.14987211,85.18811333,84.85569601,85.02193798
1899.058,84.80920653,85.10282955,85.0150863,85.16300946,85.2024337,84.87465071,85.03936332
1898.575,84.83733157,85.13242413,85.04465036,85.18634798,85.2271567,84.90299295,85.06854407
1898.093,84.87465071,85.16987307,85.08147297,85.21852246,85.25973923,84.93818959,85.10635684
1897.611,84.91374593,85.2065537,85.11791954,85.25247578,85.29311979,84.97203122,85.14438247
1897.129,84.94503507,85.2334367,85.14536274,85.27917691,85.31845846,84.99629594,85.17242255
1896.647,84.96185775,85.24501666,85.15830331,85.29370897,85.33044294,85.0056906,85.18497494
1896.165,84.96557484,85.24364269,85.15908765,85.29724418,85.33122886,85.00295039,85.18340579
1895.683,84.96342282,85.23893208,85.15614641,85.29744058,85.32965702,84.99707879,85.17693335
1895.201,84.96694433,85.24285757,85.16085245,85.3051007,85.33692704,85.00001454,85.17732561
1894.719,84.98396703,85.26425466,85.18085599,85.32729931,85.36031322,85.0199803,85.19399812
1894.236,85.01586932,85.30352934,85.21675647,85.36365462,85.40002543,85.05737978,85.22774543
1893.754,85.05659638,85.35323773,85.26111346,85.40769476,85.44801927,85.10518106,85.27171546
1893.272,85.09636323,85.40179521,85.30392218,85.44919979,85.49387463,85.1530092,85.31590461
1892.79,85.12830771,85.44034631,85.33771303,85.48088306,85.52892234,85.19223264,85.35146895
1892.308,85.15026424,85.46592552,85.36031322,85.50115865,85.5509822,85.22028848,85.3762352
1891.826,85.16614704,85.48226086,85.3762352,85.5143502,85.56418144,85.23991344,85.3933399
1891.344,85.18164053,85.49564636,85.39176691,85.52695299,85.57482112,85.25679451,85.40887472
1890.862,85.20184514,85.51179049,85.41202136,85.54448183,85.58861527,85.27623152,85.4283464
1890.38,85.22637173,85.53227035,85.43759209,85.56772786,85.60714233,85.29881542,85.45215115
1889.897,85.25110168,85.55354309,85.46435119,85.59255686,85.62705353,85.32160177,85.47694661
1889.415,85.27053739,85.57088035,85.4863944,85.61404173,85.64420848,85.34026753,85.49761499
1888.933,85.28290788,85.58290028,85.5015524,85.62981387,85.65761934,85.35402387,85.51277498
1888.451,85.29213782,85.59314811,85.51356259,85.64341967,85.6710323,85.36660303,85.5257714
1887.969,85.30647567,85.60911353,85.5297101,85.6619586,85.6915503,85.38527864,85.54448183
1887.487,85.33260425,85.63750384,85.55708906,85.69135299,85.72470514,85.4161515,85.57482112
1887.005,85.37250015,85.67971239,85.59708991,85.73299586,85.77090648,85.45962839,85.61778735
1886.523,85.4208719,85.7308244,85.64480009,85.78137434,85.82444428,85.51041221,85.6684679
1886.04,85.46848386,85.78176938,85.69056375,85.82760622,85.87524716,85.55945312,85.71720471
1885.558,85.50548998,85.82246812,85.72529731,85.86219763,85.91322068,85.59728701,85.75451598
1885.076,85.52714992,85.84796405,85.74365653,85.88117941,85.93399455,85.6193645,85.77564649
1884.594,85.53561849,85.86022061,85.74819758,85.8875076,85.94032664,85.62823652,85.7837446
1884.112,85.53955764,85.86674497,85.74800014,85.89007857,85.94131607,85.63237711,85.78730012
1883.63,85.5496033,85.87781775,85.75333124,85.89897864,85.9480445,85.64125049,85.79697976
1883.148,85.57166849,85.89917643,85.77070899,85.92034259,85.96664936,85.66077514,85.81831833
1882.666,85.60477695,85.93003724,85.79954801,85.95259638,85.99674235,85.68997182,85.85033615
1882.184,85.64164488,85.96387817,85.832547,85.98822813,86.03060955,85.72174437,85.88533224
1881.701,85.6728077,85.99258414,85.86120911,86.01733836,86.0593378,85.74760526,85.91361633
1881.219,85.69233955,86.01119864,85.87959744,86.03437339,86.07697575,85.76280958,85.93043296
1880.737,85.70082447,86.02169583,85.88889196,86.04091099,86.0849041,85.76873407,85.93676478
1880.255,85.70536326,86.03100574,85.89640741,86.04467529,86.09025615,85.77288145,85.94072241
1879.773,85.71542839,86.04764722,85.91104466,86.05537471,86.10234904,85.78433718,85.95180473
1879.291,85.73635185,86.07638116,85.93814993,86.07935418,86.12673822,85.80883387,85.97575534
1878.809,85.76774662,86.11503848,85.97615127,86.11543506,86.16264056,85.84480135,86.01139669
1878.327,85.80310418,86.15510181,86.01793254,86.15668886,86.20292453,85.88533224,86.05101553
1877.844,85.83333755,86.18684837,86.05378953,86.19339756,86.23846149,85.92113395,86.08450767
1877.362,85.85330137,86.20471096,86.07717395,86.21880516,86.2626906,85.94606549,86.10591775
1876.88,85.86358158,86.20947494,86.0884721,86.23250455,86.27619831,85.9607112,86.11523677
1876.398,85.87089709,86.20947494,86.09441908,86.24044722,86.28513839,85.97100427,86.11999581
1875.916,85.88375018,86.21404066,86.10373685,86.25097239,86.29805349,85.98545624,86.12951467
1875.434,85.90768183,86.23012189,86.12297034,86.26984147,86.32011296,86.00921819,86.1499441
1874.952,85.94151396,86.25732783,86.15172943,86.29686124,86.351125,86.04190158,86.18149032
1874.47,85.97813097,86.28950944,86.18426853,86.32627472,86.38493285,86.07757035,86.21781253
1873.988,86.00961427,86.31792663,86.21284958,86.35072734,86.41377942,86.10809871,86.25017799
1873.505,86.02981718,86.33661157,86.23250455,86.365442,86.43288314,86.12832475,86.27262253
1873.023,86.04011853,86.34635319,86.2436245,86.37140812,86.4434318,86.13903458,86.28533707
1872.541,86.04645843,86.35251682,86.252164,86.37498799,86.4513939,86.14518341,86.29348331
1872.059,86.05676177,86.36305567,86.26507416,86.38373941,86.4637366,86.15410992,86.30441239
1871.577,86.07519198,86.38175037,86.28633047,86.40164279,86.48424532,86.16938632,86.32229934
1871.095,86.09957347,86.40661662,86.3133554,86.42651477,86.50914106,86.18883292,86.34476264
1870.613,86.12118561,86.42890285,86.33681036,86.45000048,86.52966055,86.20431397,86.36345339
1870.131,86.12891971,86.43726167,86.34575673,86.46094939,86.53444249,86.20590193,86.3678284
1869.648,86.11543506,86.42392775,86.33243692,86.45219015,86.51631237,86.18724528,86.35092617
1869.166,86.08331837,86.39109924,86.30004059,86.42591775,86.47926703,86.15212617,86.31613786
1868.684,86.04705282,86.35311333,86.26229335,86.39527672,86.43885392,86.11503848,86.27818491
1868.202,86.02625162,86.3290576,86.2390572,86.37856801,86.41497328,86.09441908,86.25653338
1867.72,86.03397719,86.33263571,86.24322733,86.38811545,86.42094282,86.10234904,86.264081
1867.238,86.07003905,86.36424883,86.27520502,86.42352975,86.45617151,86.13824121,86.30023931
1866.756,86.12277203,86.41338147,86.32388947,86.47408991,86.50834429,86.19042059,86.35311333
1866.274,86.17772004,86.46592662,86.37478911,86.5256758,86.56234239,86.24481601,86.40800934
1865.792,86.22456261,86.51232824,86.41855496,86.56931877,86.6083969,86.29169504,86.45497708
1865.309,86.26169747,86.55058348,86.45378267,86.60341147,86.64489904,86.32965394,86.49221118
1864.827,86.29348331,86.58546627,86.48544015,86.63312891,86.67762441,86.36305567,86.52487887
1864.345,86.3272686,86.62315548,86.52089435,86.66505161,86.71355672,86.39905652,86.55975131
1863.863,86.36663519,86.66744629,86.56393694,86.70337439,86.75729446,86.44084427,86.60101856
1863.381,86.41019794,86.71595274,86.61318319,86.74690724,86.80685059,86.48723243,86.64729316
1862.899,86.4513939,86.7618892,86.66165927,86.78906308,86.85523506,86.53185224,86.6913967
1862.417,86.48225397,86.79685715,86.70037981,86.82204281,86.89324178,86.56712613,86.72553747
1861.935,86.49838522,86.81604556,86.72393994,86.84143674,86.91605379,86.58865625,86.74451037
1861.453,86.501572,86.82124315,86.73292642,86.84843562,86.92445972,86.59782812,86.75030293
1860.97,86.49977942,86.82024359,86.73492354,86.85063538,86.9262611,86.602215,86.75030293
1860.488,86.50256789,86.82344223,86.73911765,86.85703501,86.93166545,86.61019173,86.75469754
1860.006,86.51631237,86.83763759,86.75230045,86.8734362,86.94727992,86.62774311,86.76968084
1859.524,86.54101808,86.86283508,86.77467585,86.89924436,86.97331028,86.65447592,86.79565802
1859.042,86.57031544,86.89324178,86.80145399,86.92846283,87.00375565,86.68381169,86.8260412
1858.56,86.59563476,86.92025665,86.82444182,86.95308602,87.03040409,86.70856523,86.85203526
1858.078,86.61178716,86.9386716,86.83943717,86.96790333,87.04763976,86.72393994,86.86863553
1857.596,86.62036312,86.94888157,86.84763572,86.97451187,87.05665978,86.73172817,86.87643676
1857.113,86.62814205,86.95769113,86.85603503,86.9801195,87.06427742,86.73891793,86.88263823
1856.631,86.64410101,86.97290975,86.87263607,86.99293831,87.07891317,86.75429802,86.89564276
1856.149,86.67283456,86.9991481,86.9022458,87.01838123,87.10598577,86.78246863,86.92125736
1855.667,86.7125584,87.0350133,86.94247517,87.0544548,87.1437009,86.82144306,86.95769113
1855.185,86.75469754,87.07269769,86.98512662,87.09395247,87.18424279,86.8632351,86.99774585
1854.703,86.78906308,87.10337842,87.02058529,87.12764991,87.21797517,86.89844399,87.03140607
1854.221,86.80864953,87.12123035,87.04242862,87.14972078,87.23826104,86.92025665,87.05245032
1853.739,86.81424647,87.12764991,87.05124766,87.16055761,87.24569368,86.92926348,87.06147085
1853.257,86.8128472,87.12965612,87.05425435,87.16698008,87.24689903,86.93186562,87.06487884
1852.774,86.81404657,87.13687887,87.06086945,87.17761832,87.25091699,86.93767069,87.07229671
1852.292,86.82544143,87.15493835,87.07811115,87.19809558,87.26437851,86.95268559,87.08994174
1851.81,86.84723577,87.18283756,87.10538407,87.22741454,87.28668499,86.97731564,87.11761955
1851.328,86.8734362,87.21375791,87.13627695,87.25895347,87.31181174,87.00555867,87.1489181
1850.846,86.89544267,87.23785929,87.16176179,87.28367027,87.33071181,87.02900134,87.17440664
1850.364,86.90684822,87.24910888,87.17500882,87.29552878,87.33775012,87.04182735,87.18805711
1849.882,86.90804889,87.24730082,87.17581174,87.29492577,87.33312488,87.04343073,87.18906091
1849.4,86.90484714,87.23986804,87.16999077,87.28849388,87.32367407,87.03942233,87.18364055
1848.917,86.90684822,87.23665407,87.1673815,87.28628302,87.31925064,87.03842026,87.18163309
1848.435,86.92165765,87.24589457,87.17581174,87.29552878,87.32789665,87.04723889,87.19086777
1847.953,86.95088366,87.26920105,87.19689091,87.31824534,87.3510239,87.06808649,87.21335628
1847.471,86.98873193,87.30196119,87.22641031,87.34941485,87.38401597,87.096359,87.24468923
1846.989,87.02719783,87.33493473,87.25614061,87.38079668,87.41742307,87.12504191,87.27683728
1846.507,87.05786252,87.36087998,87.27924886,87.40494422,87.44379552,87.14791477,87.3029663
1846.025,87.07771014,87.37616916,87.29311675,87.41923466,87.45970336,87.16236388,87.32005488
1845.543,87.08934014,87.38381476,87.30095609,87.42668272,87.46796047,87.17159652,87.3309129
1845.061,87.0991667,87.39105857,87.30960029,87.43352743,87.47500984,87.18183384,87.34157115
1844.578,87.11340714,87.40474297,87.3256848,87.44621171,87.48749869,87.19849715,87.3574604
1844.096,87.13346805,87.4262801,87.35001824,87.46554367,87.50663828,87.22219264,87.37918708
1843.614,87.1543363,87.45044021,87.37637035,87.48608857,87.52719283,87.24709992,87.40051667
1843.132,87.16838505,87.46856468,87.39588811,87.49998932,87.54150325,87.26518224,87.41339744
1842.65,87.17199796,87.47621836,87.40393794,87.50381745,87.54613953,87.27301908,87.41460511
1842.168,87.16938862,87.47702405,87.40434045,87.50160114,87.54513162,87.27402385,87.40856693
1841.686,87.17019149,87.48004545,87.40615177,87.50281003,87.54815537,87.27744017,87.40595051
1841.204,87.1834398,87.49454963,87.41883208,87.51671344,87.5640822,87.29191076,87.41621536
1840.721,87.21255302,87.52457286,87.44601036,87.54654269,87.59675134,87.3210602,87.44339282
1840.239,87.25352876,87.56650172,87.48427559,87.58848207,87.64194357,87.36087998,87.48387271
1839.757,87.29673482,87.61087141,87.52457286,87.63225756,87.68958202,87.40212667,87.52759591
1839.275,87.3309129,87.6471906,87.55621923,87.66676885,87.72775183,87.43393008,87.56327571
1838.793,87.34961598,87.66798002,87.5729541,87.68514006,87.74896446,87.45044021,87.58404523
1838.311,87.35383981,87.674238,87.57618046,87.68837056,87.75421791,87.4534607,87.59029721
1837.829,87.35283412,87.674238,87.57436562,87.68534196,87.7517932,87.45164839,87.5904989
1837.347,87.35766155,87.67847753,87.57880197,87.68756292,87.75361172,87.45648128,87.59614625
1836.865,87.37616916,87.69442806,87.59695304,87.70311122,87.76795917,87.4756141,87.61450265
1836.382,87.40715808,87.72189401,87.62822203,87.73199395,87.79524599,87.50845173,87.6455761
1835.9,87.44299013,87.75401584,87.66475028,87.7671508,87.82840584,87.5477522,87.68231347
1835.418,87.47299567,87.78089408,87.69604347,87.79888487,87.85773443,87.58303689,87.71421884
1834.936,87.49052045,87.79706541,87.71563263,87.82031692,87.87675268,87.60784549,87.73522618
1834.454,87.49656429,87.80353478,87.7241159,87.8320461,87.88606098,87.62196734,87.74593377
1833.972,87.498579,87.80798274,87.72896385,87.84074288,87.89233452,87.63225756,87.75340966
1833.49,87.5062353,87.81849701,87.7390646,87.85469998,87.90427573,87.64638335,87.76654453
1833.008,87.5247744,87.83973158,87.75967374,87.87837144,87.92654333,87.66858561,87.78999009
1832.526,87.55198561,87.86886163,87.78877723,87.90893122,87.95651227,87.69644733,87.82132799
1832.043,87.57900363,87.89597743,87.81768818,87.93727428,87.98487067,87.72108607,87.8508565
1831.561,87.59332253,87.9087288,87.83406853,87.95084169,87.99966118,87.73118591,87.86643376
1831.079,87.58586027,87.89860852,87.82941701,87.94152652,87.9919617,87.71906624,87.85894824
1830.597,87.55783209,87.86643376,87.80373695,87.91055057,87.9625883,87.68675529,87.8288103
1830.115,87.52195298,87.82597908,87.76917173,87.87088491,87.92492368,87.64739242,87.7895858
1829.633,87.49898194,87.79827838,87.74492357,87.84317004,87.89881091,87.62156383,87.7616945
1829.151,87.50401893,87.79868271,87.74613582,87.84317004,87.90002528,87.6241867,87.76149242
1828.669,87.53868129,87.82860807,87.77402217,87.87250356,87.92958026,87.65607092,87.79079867
1828.186,87.58989385,87.87533628,87.81728376,87.91885025,87.97514676,87.70432289,87.83730451
1827.704,87.64012736,87.92127957,87.85935284,87.96522138,88.01931816,87.75159114,87.88444208
1827.222,87.6762568,87.9542845,87.88869177,87.99966118,88.04972421,87.78574517,87.91925513
1826.74,87.69543769,87.97109545,87.9030613,88.01871015,88.06391729,87.80353478,87.93869167
1826.258,87.70270733,87.97757764,87.90812155,88.02803349,88.06736453,87.810409,87.94820904
1825.776,87.70795801,87.9840603,87.91338452,88.03735782,88.0708119,87.81627273,87.95732238
1825.294,87.72027813,88.00047169,87.92796055,88.05540117,88.08399427,87.83063042,87.97514676
1824.812,87.7435093,88.02945234,87.95448702,88.08439991,88.11036493,87.85652064,88.00452435
1824.33,87.77301164,88.0665534,87.98790961,88.11949508,88.14506452,87.89031075,88.04039857
1823.847,87.80110871,88.10265577,88.01952084,88.15155953,88.17876257,87.92350651,88.07405661
1823.365,87.82173242,88.13065543,88.04303398,88.1740928,88.20495851,87.95003163,88.09920715
1822.883,87.83548426,88.15115358,88.05884807,88.1878998,88.22303621,87.96988009,88.1160458
1822.401,87.84903596,88.1698293,88.07385381,88.19967808,88.23928899,87.98892262,88.13085836
1821.919,87.87048025,88.1950072,88.09575867,88.21816096,88.26225114,88.01425151,88.15216846
1821.437,87.90387092,88.23136538,88.12943787,88.24822929,88.29701054,88.05012969,88.1842448
1820.955,87.94800653,88.27708828,88.17348371,88.28887846,88.34195379,88.09515013,88.22588023
1820.473,87.9952035,88.32527535,88.22100482,88.33381757,88.39078685,88.14303493,88.27058402
1819.99,88.03695239,88.36738431,88.2632673,88.37450617,88.43475969,88.18546312,88.30982009
1819.508,88.06817566,88.39811414,88.29538407,88.40666341,88.46816108,88.21856722,88.33971626
1819.026,88.09068762,88.41969246,88.3189709,88.43170531,88.49220159,88.24396222,88.36209416
1818.544,88.11239377,88.43985055,88.34154697,88.45716166,88.51400668,88.26936453,88.38447773
1818.062,88.14242606,88.46795737,88.37206432,88.49138655,88.54254483,88.30270345,88.41643501
1817.58,88.18627534,88.50911535,88.41541709,88.53867125,88.58251369,88.34805645,88.46225381
1817.098,88.24071125,88.5604878,88.46816108,88.59516065,88.6316838,88.40198156,88.51787918
1816.616,88.29558738,88.61189006,88.52052887,88.65066546,88.68108541,88.45431019,88.57292767
1816.134,88.33890262,88.65168609,88.56069172,88.69252111,88.71989109,88.49362792,88.61495066
1815.651,88.36331494,88.67312213,88.58230972,88.71396702,88.74154795,88.51359906,88.63699009
1815.169,88.36941907,88.6767974,88.5861852,88.7156012,88.74686082,88.51563718,88.64005156
1814.687,88.3653496,88.67108038,88.58067799,88.70620504,88.74379566,88.50830016,88.63250013
1814.205,88.36107686,88.66638453,88.57619088,88.69640141,88.74175229,88.50177886,88.62535749
1813.723,88.36392533,88.66944701,88.57945421,88.69354222,88.74706517,88.50320536,88.62556155
1813.241,88.37409919,88.68067702,88.5908768,88.69844374,88.75932687,88.51237621,88.63372465
1812.759,88.38529179,88.69395067,88.603933,88.70579654,88.77220349,88.52379015,88.64352135
1812.277,88.38936217,88.70028189,88.61025778,88.70743057,88.77710936,88.52929383,88.64637892
1811.794,88.38122159,88.69435912,88.60413701,88.69844374,88.76893306,88.52379015,88.63699009
1811.312,88.36290801,88.67822671,88.58802101,88.68108541,88.75053914,88.50952295,88.61780731
1810.83,88.34480165,88.66209724,88.571704,88.66475125,88.73194473,88.49607313,88.59883269
1810.348,88.33910603,88.65740186,88.56680948,88.66087233,88.72561125,88.49485052,88.59271271
1809.866,88.35273544,88.67148873,88.58027006,88.67618485,88.73868731,88.51237621,88.60658527
1809.384,88.38366368,88.70232431,88.60984972,88.7082476,88.76893306,88.54621468,88.63862286
1808.902,88.42132122,88.73970895,88.64556246,88.74726951,88.8061413,88.58638918,88.6784309
1808.42,88.45369917,88.77159027,88.67557229,88.78078894,88.83804648,88.62107217,88.71355848
1807.938,88.47325386,88.7906019,88.69292955,88.80164277,88.85748154,88.64331724,88.73603108
1807.455,88.48119919,88.79775786,88.69885222,88.81104904,88.86525675,88.65393153,88.74604343
1806.973,88.48568148,88.80102935,88.70171158,88.81657058,88.8697585,88.66046404,88.75176529
1806.491,88.49688821,88.81023106,88.71131153,88.82761468,88.88060456,88.6725096,88.76280133
1806.009,88.52052887,88.83129635,88.73357924,88.85032076,88.90414302,88.69558449,88.78528641
1805.527,88.55498218,88.86218751,88.76627593,88.88203716,88.93792648,88.72744996,88.81759312
1805.045,88.59128478,88.8945222,88.80041594,88.91499328,88.97336172,88.75994,88.85134369
1804.563,88.61821541,88.91724539,88.82475126,88.93792648,88.99876907,88.78262878,88.87589762
1804.081,88.6280104,88.92297828,88.83211452,88.94386551,89.00696653,88.78855744,88.88367444
1803.599,88.62066406,88.91233177,88.82229698,88.93362606,88.99753951,88.77813145,88.8748744
1803.116,88.60434103,88.89329409,88.803892,88.91519801,88.97868846,88.75994,88.85748154
1802.634,88.59108079,88.87773944,88.78855744,88.90045833,88.96229949,88.74502171,88.84295599
1802.152,88.59006085,88.87548833,88.78630859,88.89902544,88.95758822,88.74318265,88.84070577
1801.67,88.60352496,88.88879115,88.79918912,88.9125365,88.96762558,88.75626129,88.85298041
1801.188,88.62494935,88.91130814,88.82086534,88.93505951,88.98647428,88.77833587,88.8738512
1800.706,88.64372546,88.93301173,88.84111489,88.95574475,89.00430227,88.79980253,88.89288472
1800.224,88.65229848,88.94611835,88.85195746,88.96701101,89.01413994,88.81350301,88.90332419
1799.742,88.65168609,88.95164828,88.85461716,88.96987902,89.01700946,88.82025179,88.90578071
1799.259,88.65086959,88.95779305,88.85707234,88.97213251,89.02090396,88.82761468,88.90864674
1798.777,88.66005574,88.97438607,88.86934924,88.98381064,89.03525359,88.84438798,88.92154502
1798.295,88.68516942,89.00594181,88.89636441,89.01004078,89.06478011,88.87446512,88.94919049
1797.813,88.72275112,89.04837528,88.93464995,89.04735008,89.10498471,88.91376488,88.98770368
1797.331,88.76300572,89.09185468,88.97397632,89.0861109,89.14561799,88.9528772,89.02705352
1796.849,88.79469095,89.12468338,89.00348252,89.11544908,89.17538644,88.98094218,89.05596214
1796.367,88.81186702,89.14151277,89.01782934,89.13001918,89.1889395,88.9932362,89.06949705
1795.885,88.81697959,89.14500219,89.02008405,89.13248197,89.18914487,88.99344112,89.0707276
1795.403,88.81963825,89.14582325,89.020494,89.13309768,89.18688588,88.99180181,89.07031742
1794.92,88.83170544,89.15649772,89.03115346,89.1433601,89.19427916,89.00081836,89.08057261
1794.438,88.85973219,89.18380552,89.05924314,89.16963727,89.21831155,89.02725851,89.10888306
1793.956,88.90066303,89.22509109,89.10149685,89.20906756,89.25714679,89.06826652,89.152392
1793.474,88.94263671,89.26845123,89.14623379,89.2497483,89.29826069,89.1123712,89.19859219
1792.992,88.96905958,89.29661577,89.17641311,89.27585127,89.32602328,89.14397588,89.23084383
1792.51,88.97008388,89.29887755,89.18113597,89.27770138,89.32972561,89.152392,89.23741884
1792.028,88.94960012,89.27831809,89.16368317,89.25920204,89.31265503,89.14130752,89.22159854
1791.546,88.92707343,89.25365298,89.14274432,89.23926815,89.29291482,89.12714602,89.20105687
1791.063,88.9242068,89.24687127,89.14007599,89.23885719,89.29106439,89.13022441,89.19735987
1790.581,88.95144346,89.26947897,89.16655751,89.26804013,89.31779643,89.15998772,89.22159854
1790.099,89.00307264,89.31635681,89.21728439,89.32047007,89.36716891,89.21112169,89.26906787
1789.617,89.06334456,89.37251923,89.27667353,89.38075112,89.42418691,89.26947897,89.32478921
1789.135,89.11585948,89.42192196,89.32890286,89.43304134,89.47320616,89.32047007,89.37334239
1788.653,89.15095505,89.45487228,89.36449387,89.46826182,89.505351,89.35585197,89.40586308
1788.171,89.16963727,89.47155801,89.38383828,89.48680449,89.52163388,89.37663508,89.42295147
1787.689,89.17949321,89.4802111,89.3953646,89.49669548,89.53029181,89.39042457,89.43262948
1787.207,89.19222541,89.49113166,89.40936285,89.50906076,89.54245555,89.40771588,89.44601569
1786.724,89.21564097,89.51277068,89.43386505,89.53173488,89.56575682,89.43510063,89.47073395
1786.242,89.25036482,89.54575448,89.46929187,89.56513813,89.60020432,89.47217606,89.50699976
1785.76,89.28880282,89.58266951,89.50782416,89.60185483,89.63838019,89.51112181,89.54657923
1785.278,89.31944174,89.61217122,89.53750739,89.63033095,89.66790025,89.54080613,89.5773066
1784.796,89.3332224,89.62579067,89.54987831,89.64250828,89.68028918,89.5527651,89.5900956
1784.314,89.33034268,89.62352062,89.5453421,89.63838019,89.67574637,89.54822875,89.58493852
1783.832,89.32005874,89.61423464,89.53338413,89.62682253,89.66397744,89.53647655,89.57111903
1783.35,89.3145059,89.60969518,89.52637502,89.62021883,89.65716455,89.53029181,89.56142604
1782.867,89.3223211,89.61753621,89.53276566,89.62620341,89.66397744,89.53771356,89.56451943
1782.385,89.34309642,89.63755459,89.55214649,89.6445724,89.68379969,89.55833275,89.58040055
1781.903,89.36860935,89.66108706,89.57606905,89.66769378,89.70858366,89.58390715,89.60123588
1781.421,89.38713136,89.67719179,89.59277739,89.68400619,89.72634972,89.60371169,89.61567906
1780.939,89.39165955,89.67884372,89.59566557,89.68689731,89.72965543,89.61072685,89.61629811
1780.457,89.38445572,89.66934553,89.58679504,89.6792567,89.72118481,89.60742553,89.60577492
1779.975,89.37828148,89.66088061,89.57895669,89.67285561,89.71312813,89.60536227,89.59628447
1779.493,89.38713136,89.66810671,89.58700132,89.68173467,89.72015186,89.61815527,89.6026801
1779.011,89.4184217,89.69825617,89.61774256,89.71271499,89.74969885,89.65200362,89.6321884
1778.528,89.46702578,89.74577247,89.66645498,89.76044562,89.79703563,89.70176739,89.67987619
1778.046,89.5179236,89.79558828,89.718086,89.81047638,89.84729366,89.75321208,89.73172155
1777.564,89.55462094,89.83157207,89.75589875,89.84646614,89.88453996,89.79041938,89.77119368
1777.082,89.5674067,89.843363,89.76995345,89.85908665,89.89820081,89.80468627,89.7883519
1776.6,89.55792032,89.83281315,89.76147903,89.84956938,89.88992126,89.79744916,89.78401036
1776.118,89.53853823,89.81192396,89.74246617,89.83053785,89.87170894,89.78132284,89.77057356
1775.636,89.52719959,89.79848299,89.73048187,89.81895542,89.86074193,89.77326076,89.76416596
1775.154,89.53709505,89.80509983,89.73833347,89.82743527,89.86963959,89.78566425,89.77760179
1774.672,89.57008782,89.8334337,89.76726636,89.85701759,89.90006381,89.81978269,89.81233756
1774.189,89.61340927,89.87067426,89.8055134,89.89613085,89.93981709,89.86322491,89.85618998
1773.707,89.64560448,89.89571686,89.83177892,89.92387226,89.9669505,89.89550987,89.88826544
1773.225,89.64663657,89.88909335,89.8264011,89.92159465,89.96280747,89.89799381,89.88930032
1772.743,89.61052052,89.8458455,89.78442383,89.8849539,89.92180171,89.86632873,89.85453478
1772.261,89.55338371,89.78276995,89.72242436,89.83053785,89.86115576,89.81668048,89.79972361
1771.779,89.50493881,89.73006865,89.67058437,89.78752492,89.81068317,89.77698163,89.75362541
1771.297,89.48721659,89.7106493,89.65179719,89.77636147,89.79290041,89.76809315,89.73771358
1770.815,89.49999272,89.72345733,89.66542266,89.79517476,89.80696091,89.7883519,89.75073214
1770.332,89.52431363,89.74928554,89.69206025,89.8243328,89.83302,89.81895542,89.77346747
1769.85,89.53853823,89.76602618,89.71002961,89.84191491,89.84874184,89.83963938,89.78525078
1769.368,89.53049796,89.76147903,89.70631151,89.83632963,89.84150117,89.8390188,89.77408761
1768.886,89.50122922,89.73626719,89.68152817,89.80882202,89.81213076,89.81936906,89.74205289
1768.404,89.46269977,89.70197393,89.64725583,89.77160709,89.77222722,89.7920734,89.7013543
1767.922,89.4301584,89.67306209,89.61856798,89.73998653,89.73668045,89.77119368,89.66728084
1767.44,89.41348039,89.65860967,89.60391801,89.72325074,89.71581361,89.76457934,89.64932005
1766.958,89.40956872,89.65510015,89.60041063,89.71849917,89.70713774,89.76850654,89.64395316
1766.476,89.40442204,89.64849436,89.59422147,89.71209528,89.69763656,89.76850654,89.63734819
1765.993,89.38198597,89.62352062,89.56946909,89.68854942,89.6720297,89.74949219,89.61320292
1765.511,89.3332224,89.57153153,89.5179236,89.63920579,89.62145698,89.70341977,89.56307584
1765.029,89.26064074,89.49545905,89.44210259,89.56616929,89.54802256,89.6338395,89.48886502
1764.547,89.17435977,89.40606894,89.35297153,89.47979903,89.4616698,89.55152789,89.40154003
1764.065,89.08672629,89.31573984,89.26249053,89.39207121,89.37395976,89.46887985,89.31286068
1763.583,89.00430227,89.23146022,89.1784665,89.31039291,89.29126999,89.39310039,89.23022745
1763.101,88.92461631,89.15054449,89.09821429,89.23207661,89.21091628,89.32170409,89.15074977
1762.619,88.83395543,89.05944821,89.00840117,89.1443864,89.11934789,89.24173396,89.06088369
1762.136,88.71478411,88.94038396,88.89165663,89.03074346,88.99958878,89.13658677,88.94345591
1761.654,88.55681735,88.78262878,88.7370527,88.88080922,88.84193315,88.99590013,88.78753523
1761.172,88.36596001,88.59148877,88.5496808,88.69987341,88.65209435,88.82413768,88.59883269
1760.69,88.16170894,88.38651288,88.34825988,88.50585462,88.44962582,88.63923516,88.39607872
1760.208,87.96461374,88.18749369,88.15237144,88.31734402,88.25371584,88.45899481,88.19906882
1759.726,87.78251108,88.00270063,87.96988009,88.14161424,88.07223145,88.29070812,88.01546748
1759.244,87.60623171,87.82314795,87.79160726,87.96947498,87.89577504,88.12578529,87.83629325
1758.762,87.41299489,87.62580081,87.59473438,87.77887288,87.70129374,87.9423365,87.63871478
1758.28,87.1723994,87.38119908,87.34941485,87.54089854,87.45990474,87.71300703,87.39327208
1757.797,86.85783499,87.063676,87.03040409,87.23102989,87.14570748,87.41400127,87.07430164
1757.315,86.45895857,86.66285655,86.62734418,86.83943717,86.74910444,87.03621574,86.67223584
1756.833,85.98763415,86.19101598,86.15371317,86.37916469,86.28295295,86.59244451,86.19994724
1756.351,85.47655298,85.68069882,85.64203928,85.88157491,85.77920166,86.1134522,85.68997182
1755.869,84.96107523,85.16693146,85.12811169,85.38134659,85.27289354,85.63217994,85.17811012
1755.387,84.46037396,84.66813625,84.62993357,84.89615085,84.78167646,85.16497044,84.6823692
1754.905,83.96919699,84.17885225,84.1420328,84.42012677,84.30008257,84.70577104,84.19688028
1754.423,83.46377046,83.67563176,83.63980276,83.93034339,83.80385563,84.23139629,83.69798449
1753.94,82.9134526,83.12774508,83.09272466,83.39672573,83.26318124,83.71321089,83.15512103
1753.458,82.28752499,82.50456902,82.47000103,82.78983175,82.64755307,83.12238581,82.53801118
1752.976,81.55845685,81.77922678,81.74439803,82.08314727,81.93019717,82.43354941,81.81934529
1752.494,80.70268796,80.92803584,80.89301081,81.25367263,81.08770334,81.62439964,80.97668616
1752.012,79.70306085,79.93389948,79.8985688,80.2843693,80.1030403,80.67797705,79.99226608
1751.53,78.55068922,78.78798617,78.75352466,79.16623661,78.96779291,79.58605909,78.85695443
1751.048,77.25026893,77.49434288,77.45866364,77.90045602,77.68192874,78.35018026,77.57468129
1750.566,75.81235717,76.06414711,76.02737573,76.4997472,76.2588058,76.98214359,76.15527663
1750.084,74.25402501,74.51436417,74.47491222,74.97733504,74.71537835,75.4970531,74.61394454
1749.601,72.59220694,72.86181745,72.81653348,73.35335801,73.06846771,73.91115687,72.96758959
1749.119,70.84512975,71.12626442,71.07060296,71.64237919,71.33456217,72.24370324,71.23771816
1748.637,69.03669624,69.32661572,69.26119813,69.87148926,69.54085084,70.51800219,69.44324393
1748.155,67.19547062,67.49630522,67.41864194,68.06753134,67.71579788,68.7606542,67.61763862
1747.673,65.35517772,65.66440298,65.5752568,66.26283304,65.89007471,67.00543022,65.79304702
1747.191,63.53748205,63.85868924,63.7558441,64.4837076,64.08848421,65.27396586,63.98968908
1746.709,61.74901013,62.08118527,61.96550594,62.73212512,62.31606189,63.5696763,62.21713376
1746.227,59.9735836,60.31842598,60.18801215,60.99440512,60.55639317,61.87853172,60.45608224
1745.745,58.18084172,58.53963362,58.39423859,59.23931118,58.78005661,60.17138389,58.67998579
1745.262,56.33781509,56.71004606,56.54966025,57.4341238,56.95344516,58.4130657,56.85517492
1744.78,54.42268947,54.80750094,54.63362281,55.55715525,55.05540985,56.58482799,54.95788361
1744.298,52.43726115,52.83479175,52.64656012,53.61051757,53.08599967,54.68522458,52.99318228
1743.816,50.41502652,50.82179499,50.61975047,51.62499231,51.07871934,52.74605703,50.99058564
1743.334,48.40943345,48.82362261,48.60825159,49.65351524,49.08739666,50.81828447,49.00269889
1742.852,46.47506437,46.8942938,46.66701257,47.75072831,47.16610354,48.95758651,47.0836367
1742.37,44.64470936,45.0681779,44.82806572,45.95047446,45.34715026,47.19326234,45.26682143
1741.888,42.9121229,43.33811324,43.08637927,44.24559095,43.62344908,45.52081196,43.54416831
1741.405,41.23443043,41.66294832,41.39806099,42.59219283,41.95174208,43.89651071,41.87357106
1740.923,39.55214125,39.98158436,39.70452456,40.93172051,40.27170343,42.26102245,40.19666292
1740.441,37.81638406,38.24635044,37.95858372,39.2147996,38.53541142,40.56579578,38.4644919
1739.959,36.02301011,36.45104639,36.15513604,37.43518641,36.73753391,38.8034196,36.67245632
1739.477,34.22630373,34.6513373,34.3494668,35.64839653,34.93413547,37.03138881,34.87546445
1738.995,32.52669969,32.95034757,32.64449841,33.95705359,33.22920875,35.35411742,33.17416497
1738.513,31.02272907,31.44633234,31.13651486,32.4623533,31.72268947,33.87271437,31.66649527
1738.031,29.76185524,30.18908846,29.87376773,31.21332253,30.46351412,32.64074029,30.4025492
1737.549,28.73425887,29.1682249,28.84496392,30.20090798,29.44150455,31.6475431,29.37243829
1737.066,27.88881106,28.33283288,27.9988375,29.37446733,28.60684745,30.84395068,28.52594234
1736.584,27.16189087,27.61722257,27.26967738,28.66817191,27.89137983,30.16129608,27.79841281
1736.102,26.4813426,26.94759428,26.58704068,28.00786471,27.22199814,29.52160737,27.11752193
1735.62,25.7685511,26.24399824,25.87199985,27.31115079,26.51856382,28.83965097,26.40280085
1735.138,24.94077819,25.42084602,25.04321027,26.49171047,25.69330664,28.02141099,25.57054591
1734.656,23.93481087,24.41349743,24.03864589,25.48355425,24.68198022,26.99727933,24.55443809
1734.174,22.76302629,23.23378681,22.87072859,24.29685154,23.49578719,25.77923349,23.36791692
1733.692,21.54914284,22.00898427,21.66207225,23.06269205,22.26281103,24.5064272,22.13553383
1733.209,20.46538881,20.91654744,20.5849587,21.96139888,21.16167304,23.37329821,21.03584684
1732.727,19.61778633,20.06503862,19.74331161,21.10425375,20.30345747,22.49883341,20.1757645
1732.245,19.00728121,19.45539264,19.13815202,20.49321045,19.68792744,21.88215047,19.55689932
1731.763,18.57547808,19.02873859,18.711991,20.06734883,19.25617393,21.4585316,19.12009298
1731.281,18.25660419,18.71716203,18.39966856,19.75740944,18.939565,21.15290408,18.79749595
1730.799,17.99699517,18.46502925,18.1476335,19.50742743,18.68185513,20.90451038,18.53446267
1730.317,17.75865213,18.23433797,17.91843188,19.27835619,18.44463222,20.67283318,18.29237096
1729.835,17.5230621,18.00611419,17.69293981,19.0502202,18.20916369,20.43854615,18.05136301
1729.353,17.29059745,17.78156575,17.47189455,18.82521739,17.97587337,20.20412282,17.81353043
1728.87,17.08008391,17.57923614,17.27308857,18.62258649,17.76519586,19.99079198,17.59665016
1728.388,16.91842771,17.42649315,17.12339993,18.46928147,17.60435023,19.82850632,17.42890088
1727.906,16.82945298,17.34722454,17.046295,18.39077368,17.5178176,19.74240241,17.33444734
1727.424,16.82402868,17.35281753,17.05375424,18.39755034,17.51660755,19.74422084,17.3240728
1726.942,16.89934997,17.44014133,17.14194116,18.48587449,17.59746054,19.82896289,17.39442191
1726.46,17.04080081,17.59462439,17.29816359,18.64189253,17.7459805,19.9820481,17.53194098
1725.978,17.23296476,17.80040977,17.50612399,18.84863915,17.94609655,20.18552271,17.72066437
1725.496,17.46666537,18.04845371,17.75701657,19.09677363,18.18863048,20.43007684,17.95105593
1725.013,17.74761504,18.34425167,18.05676725,19.39099079,18.4786398,20.71905771,18.22930033
1724.531,18.09547551,18.7068214,18.42468196,19.75195102,18.83605717,21.07220584,18.57419497
1724.049,18.53745031,19.16416935,18.88861001,20.20598378,19.2885686,21.51641935,19.01340942
1723.567,19.09237694,19.73558481,19.46838831,20.77351558,19.85591934,22.07140602,19.56680874
1723.085,19.75968423,20.42020041,20.16229664,21.45359116,20.53714172,22.73788156,20.23252101
1722.603,20.51256641,21.19141712,20.94257117,22.22030419,21.30590568,23.49037771,20.98408322
1722.121,21.3088494,22.00797074,21.76657011,23.0319124,22.12024842,24.28846115,21.77960505
1721.639,22.11159138,22.83179204,22.59487796,23.85063795,22.94193262,25.09689537,22.58291501
1721.157,22.90392959,23.64667051,23.41100189,24.66096121,23.75527159,25.89941771,23.37652757
1720.674,23.69954455,24.46583261,24.22757798,25.47534065,24.57253713,26.7079159,24.17352588
1720.192,24.54030748,25.33028055,25.08765103,26.33358578,25.43489798,27.56195377,25.01612279
1719.71,25.49059659,26.30389123,26.05613526,27.29920501,26.40644879,28.52068815,25.96808954
1719.228,26.62502351,27.46186324,27.21134446,28.44526604,27.56131914,29.65172748,27.10378852
1718.746,28.01044445,28.86821958,28.62002442,29.83389796,28.96543133,31.01344423,28.48918333
1718.264,29.66743503,30.54358428,30.30539856,31.48328204,30.63797095,32.61970281,30.14463294
1717.782,31.53552025,32.42500114,32.20549658,33.33266212,32.51621601,34.4104221,32.00884475
1717.3,33.47495486,34.37399425,34.17905099,35.24601324,34.46354913,36.25600933,33.94532726
1716.818,35.34190865,36.24766204,36.07696541,37.08343879,36.3370779,38.02857045,35.80964371
1716.335,37.07148643,37.98306441,37.83206089,38.78734026,38.07325434,39.67527997,37.53790233
1715.853,38.68833146,39.60499839,39.46844353,40.38220229,39.69903956,41.22493694,39.15524989
1715.371,40.2476011,41.16991781,41.04308528,41.92373817,41.26862508,42.72774765,40.71645885
1714.889,41.78015049,42.70709194,42.58630891,43.43901811,42.81145617,44.20791169,42.25129261
1714.407,43.27329845,44.20282236,44.08897477,44.91692325,44.3149231,45.65096896,43.74918832
1713.925,44.69613808,45.62574827,45.5176676,46.32335437,45.74567076,47.0240467,45.17623148
1713.443,46.02035876,46.94939498,46.84572882,47.63212971,47.0771323,48.30143127,46.50610845
1712.961,47.24436325,48.17148115,48.0706506,48.84161321,48.3058802,49.4823139,47.73533778
1712.478,48.39160204,49.31624483,49.2152845,49.97352678,49.45725406,50.58829006,48.88661872
1711.996,49.49826769,50.41967013,50.31645086,51.06108042,50.56383436,51.65352922,49.99539454
1711.514,50.59178469,51.50863013,51.40318154,52.13387424,51.6547186,52.70477941,51.08930562
1711.032,51.68327194,52.59445994,52.4855799,53.20102503,52.74119916,53.75018953,52.17951042
1710.55,52.76184819,53.6660956,53.55376395,54.25253053,53.81210736,54.78100557,53.25372607
1710.068,53.80343457,54.69655832,54.58332655,55.2637053,54.84284804,55.7724856,54.29001979
1709.586,54.77974421,55.66215291,55.54692219,56.20953596,55.80717002,56.69960064,55.26116037
1709.104,55.67881709,56.54835816,56.43129283,57.07816466,56.69176784,57.55194428,56.15261682
1708.622,56.50800826,57.36407567,57.24532166,57.8775315,57.50558158,58.33510716,56.97443145
1708.139,57.28883622,58.13129528,58.01228876,58.63001429,58.27066843,59.07449259,57.74840585
1707.657,58.05237607,58.87894233,58.76111121,59.36493546,59.0173901,59.79432946,58.50325096
1707.175,58.81932008,59.6307127,59.51411776,60.10353281,59.76679949,60.51597015,59.26250432
1706.693,59.59639638,60.39069115,60.27677387,60.85131951,60.52572496,61.24490989,60.03161125
1706.211,60.37122663,61.14486634,61.03795856,61.59422569,61.28017544,61.96693276,60.79809897
1705.729,61.11812185,61.8714081,61.7717635,62.30888791,62.00546946,62.65994365,61.53752143
1705.247,61.81444866,62.54750637,62.45396277,62.97381442,62.68014609,63.30528962,62.22716278
1704.765,62.44964875,63.16405456,63.07539806,63.57992335,63.29508683,63.8969311,62.8550245
1704.282,63.03184217,63.73089243,63.64437119,64.13720055,63.86015966,64.44214681,63.43077242
1703.8,63.57406769,64.26285263,64.17413152,64.65915132,64.3902335,64.95910012,63.96759164
1703.318,64.08995992,64.77091019,64.67701977,65.15683796,64.89630947,65.4545739,64.4777687
1702.836,64.58475256,65.26044037,65.15683796,65.63568166,65.38227079,65.93256931,64.96657925
1702.354,65.05489796,65.72490999,65.61301582,66.09064647,65.84457518,66.38806339,65.43046398
1701.872,65.49527953,66.16068606,66.03740516,66.51506196,66.27809237,66.81438881,65.86580438
1701.39,65.91131859,66.56868838,66.43393848,66.90984133,66.68374775,67.21094473,66.27656628
1700.908,66.32083722,66.96686989,66.82515888,67.29146757,67.07798375,67.58961926,66.67914156
1700.426,66.75287881,67.38605002,67.24035536,67.69085505,67.49008887,67.9813837,67.10579101
1699.943,67.21868313,67.83752584,67.69241371,68.12084084,67.9360043,68.40061397,67.56627866
1699.461,67.68150386,68.29045401,68.14908042,68.55671507,68.38329136,68.82242957,68.0267934
1698.979,68.08947726,68.69102549,68.55671507,68.94455932,68.7796561,69.19902892,68.43054518
1698.497,68.40848933,69.00967784,68.88108827,69.2564139,69.0939466,69.50083142,68.74957219
1698.015,68.64991439,69.2532246,69.13054807,69.49763087,69.33619421,69.7348707,68.9906124
1697.533,68.84778936,69.45443776,69.33300123,69.69634443,69.53444618,69.92943189,69.18628316
1697.051,69.03828589,69.64982026,69.52964308,69.89079813,69.72844818,70.11969203,69.37611882
1696.569,69.26119813,69.87470703,69.75414182,70.11323407,69.95358883,70.33799751,69.59851928
1696.086,69.53604729,70.14714502,70.02610973,70.3817401,70.22795141,70.60086142,69.86988042
1695.604,69.85057733,70.45470487,70.3347584,70.68381801,70.54073817,70.8973496,70.18268837
1695.122,70.16653007,70.76198384,70.64151424,70.98392342,70.85165512,71.19016508,70.49527353
1694.64,70.43686205,71.02152608,70.90387979,71.24099886,71.11807618,71.44140714,70.76198384
1694.158,70.64151424,71.21639734,71.10006537,71.43482744,71.31649653,71.62918339,70.96267856
1693.676,70.7913183,71.35920451,71.2442797,71.57807262,71.46279533,71.76620809,71.10988888
1693.194,70.91857491,71.48089803,71.36577724,71.70179037,71.58466551,71.88362998,71.23443762
1692.712,71.05260417,71.60609659,71.49406651,71.83068367,71.71334827,72.00787586,71.364134
1692.23,71.20655911,71.7562939,71.64402883,71.98300952,71.86377054,72.15227015,71.51547047
1691.747,71.38549905,71.92999001,71.81910687,72.15891593,72.03772682,72.32026353,71.69353587
1691.265,71.5764245,72.11572932,72.00621784,72.34524638,72.22540736,72.50033278,71.88362998
1690.783,71.76290321,72.29861871,72.19049172,72.52871783,72.40857489,72.67582994,72.07090906
1690.301,71.93330259,72.46361568,72.35690799,72.69423992,72.57549389,72.83330204,72.24037637
1689.819,72.08086671,72.61059574,72.5053411,72.84001055,72.72270089,72.97431046,72.39190412
1689.337,72.22208133,72.74949785,72.64571457,72.97935152,72.86349518,73.10717462,72.5337281
1688.855,72.3735707,72.90041489,72.79641631,73.13074539,73.0146487,73.25546003,72.68587117
1688.373,72.55210209,73.07688051,72.97263018,73.30608059,73.19307615,73.42940346,72.86349518
1687.891,72.76122463,73.28582817,73.17790972,73.51229816,73.40235605,73.63596795,73.07183271
1687.408,72.99279605,73.51399087,73.40404622,73.739468,73.63088153,73.86522074,73.30101696
1686.926,73.23016286,73.74625996,73.63596795,73.97074624,73.86692157,74.102012,73.5376928
1686.444,73.45646083,73.96733984,73.85501658,74.18908247,74.08836316,74.32758119,73.75984578
1685.962,73.65631713,74.16175524,74.04913676,74.38065526,74.28480711,74.52809149,73.95882452
1685.48,73.82951237,74.32758119,74.21983765,74.54353775,74.45262253,74.69817648,74.13102413
1684.998,73.99118793,74.48005694,74.37894261,74.69301669,74.60707266,74.84796551,74.28822813
1684.516,74.1685861,74.64831344,74.55555371,74.8565832,74.77733789,75.00150877,74.46290925
1684.034,74.37894261,74.853136,74.76528618,75.05160773,74.98078795,75.1778671,74.6723811
1683.551,74.60879057,75.07753412,74.9946012,75.26966792,75.20556875,75.37199315,74.90313585
1683.069,74.82039558,75.29046857,75.20730044,75.47445749,75.41712977,75.55444157,75.1173053
1682.587,74.9946012,75.46576867,75.38067117,75.64670223,75.59272478,75.7094341,75.29393591
1682.105,75.13806385,75.61013265,75.52487237,75.78792209,75.73907556,75.84029262,75.4414453
1681.623,75.2731343,75.74779585,75.66238033,75.92416075,75.87697352,75.96962803,75.58054165
1681.141,75.42754976,75.90318502,75.81759428,76.07640819,76.03262769,76.11670852,75.73558773
1680.659,75.61013265,76.08516732,75.99937137,76.25704989,76.21667527,76.29217565,75.92066439
1680.177,75.81759428,76.29217565,76.207901,76.46100464,76.42580115,76.49270164,76.12897807
1679.695,76.03612921,76.5120785,76.42580115,76.67609733,76.64432433,76.70435105,76.34841052
1679.212,76.24827098,76.72378153,76.63726546,76.88294312,76.85639328,76.91127306,76.56142356
1678.73,76.44164071,76.91658609,76.8298526,77.07259824,77.04953109,77.10099807,76.75382012
1678.248,76.61609272,77.092122,77.00341748,77.24493285,77.22359224,77.27339618,76.92721324
1677.766,76.78210248,77.25738427,77.16493594,77.4069579,77.38735441,77.43904705,77.092122
1677.284,76.94847195,77.42300082,77.32679319,77.56932281,77.55146387,77.60326613,77.25738427
1676.802,77.12408063,77.59790567,77.49434288,77.737398,77.72307956,77.77320564,77.43013207
1676.32,77.30542996,77.77499646,77.66762052,77.9130131,77.90045602,77.94710682,77.61041398
1675.838,77.48363738,77.94710682,77.83770096,78.081833,78.07464173,78.11420192,77.78395115
1675.355,77.64258747,78.09801578,77.98660239,78.23120144,78.22940012,78.25822621,77.94172261
1674.873,77.77141487,78.21679205,78.10700767,78.35198436,78.35739691,78.37544145,78.06924871
1674.391,77.87176172,78.31050056,78.20418601,78.44766115,78.45849984,78.46753323,78.1717798
1673.909,77.95967142,78.39349014,78.28706291,78.53260434,78.54888055,78.55068922,78.26002819
1673.427,78.04947749,78.47837467,78.37544145,78.61944977,78.64117612,78.63755465,78.3537885
1672.945,78.15018312,78.57782436,78.47656766,78.71907822,78.74627153,78.73720605,78.45669329
1672.463,78.26363228,78.69008239,78.58868103,78.83153805,78.86058601,78.84787621,78.57239658
1671.981,78.38085562,78.80612986,78.70639123,78.94779414,78.97870347,78.9623382,78.69189431
1671.499,78.49102491,78.9150798,78.81520328,79.0532993,79.08789199,79.0678628,78.8043153
1671.016,78.58144308,79.00598646,78.90781178,79.14072054,79.17535148,79.15530014,78.89509437
1670.534,78.65023055,79.07150409,78.97688494,79.20452613,79.23736047,79.21729342,78.9641564
1670.052,78.70639123,79.12614362,79.03327887,79.25378274,79.28663749,79.26838317,79.01872175
1669.57,78.76984665,79.18811407,79.09699784,79.31037439,79.34142568,79.32681179,79.07878718
1669.088,78.85513871,79.27203369,79.18264414,79.3889394,79.42185018,79.40722148,79.16259095
1668.606,78.9641564,79.38162774,79.2921146,79.49210545,79.52579146,79.51297445,79.26838317
1668.124,79.08242898,79.50034256,79.40904992,79.60530305,79.64197109,79.628952,79.38528349
1667.642,79.19358438,79.61208536,79.51718552,79.71297171,79.75281113,79.7392231,79.49430193
1667.159,79.28846315,79.70801613,79.61043556,79.80663511,79.84909532,79.83493941,79.58917446
1666.677,79.36883397,79.79009828,79.69058226,79.88863486,79.93334731,79.91899244,79.67205148
1666.195,79.44635929,79.86748337,79.76695248,79.9677727,80.01400334,79.99944978,79.75207658
1665.713,79.52872135,79.94880929,79.84799217,80.05196559,80.09953594,80.08459802,79.83769685
1665.231,79.61941824,80.03777371,79.93739659,80.14418189,80.1934689,80.17722114,79.93242705
1664.749,79.71444009,80.13071169,80.03150796,80.24019954,80.29139435,80.27309354,80.0320608
1664.267,79.80332747,80.217662,80.12019544,80.32930324,80.38296102,80.36167865,80.12554564
1663.785,79.87373627,80.28695741,80.19199169,80.39962072,80.45610428,80.43091327,80.20085533
1663.303,79.91825636,80.33170782,80.23964526,80.44387824,80.50335869,80.47389092,80.24999241
1662.82,79.94107793,80.35594262,80.26699419,80.46629406,80.52875782,80.49538835,80.27716003
1662.338,79.95838249,80.37555782,80.2888061,80.48334167,80.54822972,80.51132982,80.29786533
1661.856,79.98858239,80.40850731,80.32282972,80.51355446,80.58013674,80.5408113,80.33115291
1661.374,80.04201258,80.46407072,80.37814886,80.56640775,80.63414773,80.59312577,80.38666288
1660.892,80.11484559,80.53821501,80.45110249,80.63841818,80.70733372,80.66497434,80.46110637
1660.41,80.19531544,80.61911011,80.5300558,80.71792704,80.78746858,80.74450938,80.5428513
1659.928,80.27143004,80.6948837,80.60370409,80.7926773,80.86284182,80.81965645,80.61966701
1659.446,80.33614724,80.75808276,80.66516008,80.85539442,80.92598609,80.88332571,80.68447919
1658.964,80.38906918,80.80886371,80.71476748,80.90586398,80.97705907,80.93493085,80.73670107
1658.481,80.43554338,80.852788,80.75789681,80.94909542,81.02088822,80.97985597,80.78188817
1657.999,80.48389763,80.89804007,80.80346788,80.99328242,81.06642104,81.0255523,80.82840335
1657.517,80.54173856,80.95300975,80.85874567,81.04645063,81.12131835,81.08004854,80.88388443
1657.035,80.61409819,81.02275382,80.92878122,81.11403391,81.19083352,81.14859409,80.95394176
1656.553,80.70213049,81.10843095,81.01398589,81.197377,81.27668839,81.23346904,81.03954612
1656.071,80.80235155,81.20691271,81.11141915,81.29428206,81.3757492,81.3322899,81.13775742
1655.589,80.90772693,81.31056896,81.21364448,81.39823726,81.4813095,81.43873142,81.24095127
1655.107,81.00633805,81.40760911,81.30944562,81.49838449,81.58212249,81.54155703,81.33790833
1654.624,81.08434261,81.48299808,81.38605545,81.58137109,81.66425416,81.62590323,81.41417006
1654.142,81.13009789,81.52503614,81.43310603,81.6360532,81.71673387,81.67929866,81.45842336
1653.66,81.14448346,81.53385938,81.4516713,81.66180969,81.73931615,81.70017749,81.47249195
1653.178,81.14709929,81.53066788,81.46011146,81.67422083,81.74966845,81.70638574,81.47774484
1652.696,81.16597314,81.54625107,81.48337332,81.69679137,81.77320129,81.72614239,81.50251305
1652.214,81.20242518,81.58456457,81.52184499,81.73103526,81.81067953,81.76341081,81.54643884
1651.732,81.22505236,81.61368736,81.54718991,81.74891552,81.83309935,81.78713592,81.5770507
1651.25,81.21270948,81.60936526,81.53986724,81.73122345,81.81991048,81.77357787,81.57160358
1650.768,81.17531826,81.57949264,81.50908164,81.68832668,81.78110984,81.73178803,81.54005499
1650.285,81.13850473,81.54850431,81.47887051,81.64639242,81.74270403,81.68851478,81.50833092
1649.803,81.12430702,81.53780199,81.46930285,81.6272189,81.72595421,81.6666987,81.49819684
1649.321,81.13999937,81.55507661,81.48731349,81.63793296,81.73799868,81.67459695,81.51752775
1648.839,81.17737433,81.59245488,81.5246607,81.67139995,81.77094184,81.70469253,81.55826906
1648.357,81.21850666,81.63248177,81.56427871,81.7099604,81.80672373,81.73950437,81.60316438
1647.875,81.24413142,81.65635691,81.58757032,81.7349874,81.82706989,81.75983381,81.63323363
1647.393,81.24618923,81.65673295,81.58738245,81.73893973,81.82499737,81.75870426,81.64037671
1646.911,81.23833241,81.64733241,81.57686287,81.7347992,81.81538907,81.75060964,81.637557
1646.428,81.25011793,81.65804911,81.58512814,81.75098611,81.8283888,81.76510523,81.6529726
1645.946,81.30214429,81.70977225,81.63266973,81.80653537,81.88455628,81.82273649,81.70657387
1645.464,81.38792946,81.79598752,81.71353521,81.89473841,81.97567474,81.91548369,81.79146743
1644.982,81.48149712,81.89058998,81.80295648,81.98964387,82.07426459,82.01626732,81.88229376
1644.5,81.55920804,81.96963477,81.87795743,82.06802839,82.15613502,82.10034838,81.95642389
1644.018,81.61218399,82.02401051,81.92963122,82.12114575,82.21139167,82.15802676,82.00531478
1643.536,81.64564043,82.0585805,81.96284033,82.15462167,82.24547251,82.19454581,82.03439886
1643.054,81.67215217,82.08541534,81.9890775,82.18054177,82.27085297,82.22199309,82.05631317
1642.572,81.70337562,82.11679677,82.01985553,82.21101308,82.29984173,82.25266915,82.08333627
1642.089,81.74609206,82.15916182,82.06160371,82.25229037,82.33926766,82.29301992,82.12209121
1641.607,81.79843601,82.21101308,82.1126371,82.30306333,82.38819723,82.34173241,82.17145934
1641.125,81.85288665,82.26479125,82.16559414,82.35576392,82.43924391,82.39161201,82.22369701
1640.643,81.89964136,82.3108336,82.21177027,82.40109824,82.48310477,82.43392903,82.26971636
1640.161,81.93302698,82.34324922,82.24547251,82.43373922,82.51444825,82.46354488,82.30344235
1639.679,81.9547255,82.36353916,82.26839034,82.45500076,82.53478038,82.48291485,82.32618677
1639.197,81.97303219,82.37947123,82.28847237,82.47284949,82.55207614,82.5003897,82.3460933
1638.715,81.9987062,82.40166745,82.31614054,82.49811016,82.57717093,82.52622887,82.37340151
1638.232,82.03931018,82.43772534,82.35822916,82.53744103,82.61711019,82.56785455,82.41513987
1637.75,82.09373214,82.48690335,82.4138115,82.5902917,82.67096365,82.62338811,82.47057072
1637.268,82.15121671,82.53991171,82.47284949,82.64641125,82.72866193,82.68238586,82.5298394
1636.786,82.19549212,82.58192459,82.51938831,82.69076314,82.77439211,82.72809046,82.57755121
1636.304,82.21385259,82.60170276,82.54105205,82.71132917,82.79593216,82.74866577,82.60189296
1635.822,82.21063448,82.60379496,82.54124211,82.71266233,82.79707603,82.74866577,82.60664804
1635.34,82.21025589,82.61045231,82.54257253,82.71742379,82.80107972,82.7517144,82.61444697
1634.858,82.23770841,82.64431798,82.5691854,82.74885631,82.83139966,82.78220688,82.64736276
1634.376,82.29643075,82.7067585,82.62471986,82.80870633,82.8907368,82.84208102,82.70752026
1633.893,82.37017715,82.78144443,82.69438087,82.88062168,82.96291441,82.91478902,82.77858531
1633.411,82.44057268,82.85066526,82.76105153,82.94686951,83.03018393,82.9822106,82.84341629
1632.929,82.49830012,82.90619814,82.81576158,82.99979123,83.08430666,83.03611085,82.89455414
1632.447,82.54352284,82.94877945,82.85886881,83.0401261,83.12602242,83.07780241,82.93311921
1631.965,82.58192459,82.98450351,82.89569938,83.07416791,83.16143984,83.11358204,82.9657799
1631.483,82.61977349,83.0200518,82.93254633,83.10879778,83.19725548,83.14995145,82.99921789
1631.001,82.66201736,83.06020526,82.97399484,83.14861125,83.2382613,83.19150862,83.03878766
1630.519,82.7094247,83.10573599,83.02100761,83.19476513,83.2854238,83.23845297,83.0852632
1630.037,82.75933647,83.15358927,83.07015102,83.24381972,83.33529939,83.28714976,83.13501893
1629.554,82.80546494,83.19744705,83.11549582,83.2894511,83.3815569,83.33126987,83.18173986
1629.072,82.84169952,83.23136171,83.1507173,83.32513002,83.41765942,83.36466321,83.21833072
1628.59,82.86592832,83.25321237,83.17369586,83.3483487,83.44090389,83.38558885,83.24190298
1628.108,82.88214841,83.2673992,83.18863534,83.3635115,83.4551227,83.39864604,83.2564713
1627.626,82.9002805,83.28408141,83.20530176,83.38002097,83.47011272,83.41458626,83.27200086
1627.144,82.93025485,83.31381086,83.23423647,83.40844027,83.49683239,83.44359375,83.29942432
1626.662,82.9774339,83.36178395,83.28062964,83.45435405,83.54106357,83.4904881,83.34489427
1626.18,83.03878766,83.42534282,83.34143999,83.51471435,83.60013909,83.55202883,83.40575154
1625.697,83.10497056,83.49490982,83.40767205,83.58050676,83.6656135,83.61823571,83.47338014
1625.215,83.16469517,83.5591474,83.46819078,83.64076571,83.7261266,83.67755848,83.53606235
1624.733,83.20932519,83.60880188,83.51432975,83.68642199,83.77240815,83.72072875,83.58474079
1624.251,83.23653635,83.64076571,83.54317956,83.71436744,83.80134711,83.74579313,83.61573276
1623.769,83.25206219,83.66041219,83.56030182,83.73017521,83.81794329,83.75832814,83.63402533
1623.287,83.26893306,83.67871454,83.5774276,83.74502181,83.83396365,83.77105791,83.65058837
1622.805,83.29923251,83.70781388,83.6062992,83.77067213,83.86099289,83.79671621,83.67659511
1622.323,83.34738912,83.75234967,83.65135883,83.81215355,83.90406459,83.840141,83.71687335
1621.841,83.40748,83.80752205,83.70762113,83.8642756,83.9583703,83.89575756,83.76700732
1621.358,83.46934394,83.86446871,83.76565716,83.91836233,84.01503255,83.95392403,83.81871529
1620.876,83.52644546,83.91758942,83.81929429,83.96861696,84.06824863,84.00806858,83.86620667
1620.394,83.57858227,83.96707021,83.86910336,84.01561291,84.11859302,84.05857048,83.91121316
1619.912,83.6315219,84.01870822,83.92048788,84.0651515,84.17148707,84.11084577,83.95933692
1619.43,83.69181762,84.0787023,83.9792516,84.12382282,84.23314186,84.17129326,84.01735401
1618.948,83.7617997,84.14978293,84.0486999,84.19397227,84.30629426,84.24245217,84.08818915
1618.466,83.83840357,84.22809921,84.12479134,84.27252372,84.38708787,84.32027223,84.16799853
1617.984,83.91121316,84.30338247,84.19804351,84.34901201,84.46465257,84.39388894,84.24671973
1617.501,83.96765024,84.3620258,84.25544952,84.41021375,84.5251597,84.4500673,84.31037093
1617.019,83.99839735,84.39447192,84.28746649,84.44637276,84.55883677,84.47943488,84.34842935
1616.537,84.00536052,84.40107924,84.29523001,84.4578458,84.56623585,84.48332539,84.3612488
1616.055,84.00091176,84.39388894,84.29057181,84.45609557,84.55942089,84.47535003,84.35969483
1615.573,83.99917101,84.3876708,84.28785464,84.45453985,84.55338524,84.46951488,84.35794664
1615.091,84.00690797,84.39000255,84.29425953,84.46037396,84.55572157,84.47321043,84.36357982
1614.609,84.02315792,84.40127358,84.30978853,84.47340494,84.56682001,84.48585432,84.37698444
1614.127,84.04463589,84.41896047,84.33114559,84.4913015,84.58415207,84.50414267,84.39563788
1613.645,84.06902294,84.44034519,84.35581001,84.51192615,84.60538382,84.52574358,84.41701668
1613.162,84.09419159,84.46387462,84.38184171,84.53411299,84.62876438,84.54929682,84.43976189
1612.68,84.11956148,84.48857786,84.40807579,84.55669506,84.653126,84.57344083,84.4629022
1612.198,84.14493901,84.51367753,84.43451245,84.57947791,84.67807957,84.59798132,84.48624339
1611.716,84.17109945,84.53956328,84.46134635,84.60304611,84.7036256,84.62272378,84.5101748
1611.234,84.19843125,84.56623585,84.48935604,84.62740033,84.73034993,84.64786329,84.53547553
1610.752,84.22674162,84.59330639,84.51795883,84.65254124,84.75747301,84.67262035,84.56156267
1610.27,84.2544795,84.61921653,84.5452086,84.67651975,84.78284777,84.69562945,84.58687879
1609.788,84.27931556,84.64143155,84.56896198,84.69640953,84.80393412,84.71454839,84.60889049
1609.305,84.29950025,84.65897383,84.58746309,84.7112324,84.81955702,84.72859406,84.6256466
1608.823,84.31600094,84.67281531,84.6024617,84.72137586,84.83088543,84.73873959,84.63850818
1608.341,84.33231067,84.68685405,84.61707329,84.73093523,84.84182463,84.74947177,84.65078698
1607.859,84.35270228,84.70518591,84.63616957,84.74459334,84.85725912,84.76527982,84.66755138
1607.377,84.38009306,84.73093523,84.66267767,84.76567018,84.8803184,84.78929027,84.69172916
1606.895,84.41371233,84.76313287,84.69601949,84.79417127,84.91081316,84.82111947,84.72313158
1606.413,84.44967839,84.79827153,84.73191073,84.82639295,84.94503507,84.85628217,84.75786333
1605.931,84.4827418,84.83127609,84.76488946,84.85706373,84.97692274,84.88891838,84.79007121
1605.449,84.50803432,84.85745451,84.79046168,84.88207741,85.00236321,84.91452802,84.81526044
1604.966,84.5243812,84.8758233,84.80705847,84.89908311,85.01919724,84.93075797,84.83186208
1604.484,84.53333441,84.88755014,84.81662751,84.90964009,85.02918179,84.93936306,84.84104321
1604.002,84.53878465,84.89634633,84.82287726,84.91726538,85.03603461,84.94366593,84.84709939
1603.52,84.54481925,84.90572994,84.83029944,84.92528246,85.04386707,84.94836022,84.85413292
1603.038,84.5543587,84.91765644,84.84123857,84.93642941,85.05502959,84.955989,84.8644889
1602.556,84.56740418,84.93173578,84.85550062,84.95051186,85.06932758,84.96733562,84.87836398
1602.074,84.58200971,84.94659983,84.87152387,84.96577048,85.08499937,84.98083617,84.89380512
1601.592,84.59642298,84.96029271,84.8867683,84.98064049,85.09989025,84.99492598,84.90866253
1601.11,84.61044906,84.97281384,84.90103801,84.99453456,85.11321588,85.00901813,84.92254484
1600.627,84.62506202,84.98592388,84.91511459,85.00882238,85.12615157,85.02369993,84.93642941
1600.145,84.64221113,85.00197176,84.93134465,85.02546192,85.14046152,85.040734,84.95266355
1599.663,84.6632625,85.02135067,84.95090307,85.04523783,85.15791114,85.06051347,84.97222688
1599.181,84.68685405,85.04288798,84.97261819,85.06697706,85.17791399,85.08186478,84.99473027
1598.699,84.71045218,85.06305967,84.99394744,85.08774223,85.19772537,85.10204573,85.01704386
1598.217,84.72976463,85.07814261,85.01156279,85.1040053,85.21459809,85.11733157,85.0358388
1597.735,84.74225179,85.08499937,85.02232952,85.11321588,85.22578301,85.12556354,85.04797941
1597.253,84.74752036,85.08343207,85.02624503,85.11537169,85.23108165,85.1267396,85.05287531
1596.77,84.7477155,85.07657543,85.02507036,85.11282392,85.23265168,85.12340747,85.05287531
1596.288,84.74673981,85.06834819,85.02252529,85.10988427,85.23382922,85.11968348,85.05130859
1595.806,84.74791064,85.0634514,85.02232952,85.11027622,85.23795074,85.11948748,85.0518961
1595.324,84.75298442,85.06423487,85.02604925,85.11595965,85.24599809,85.12438749,85.05640053
1594.842,84.76118115,85.06991522,85.03290182,85.12615157,85.25679451,85.13379631,85.06423487
1594.36,84.77015944,85.07775081,85.040734,85.13791299,85.26778864,85.14477457,85.07285348
1593.878,84.7773818,85.08539121,85.04739192,85.14810754,85.27623152,85.15457779,85.07990573
1593.396,84.7820669,85.09087704,85.05209194,85.1553621,85.28133692,85.16242118,85.08441163
1592.914,84.78538567,85.09538353,85.05620468,85.16006809,85.28428249,85.1685003,85.08754631
1592.431,84.78968074,85.10028215,85.06168863,85.16359775,85.28703177,85.1749721,85.09146483
1591.949,84.79612375,85.10733667,85.0701111,85.16771588,85.29174504,85.18301351,85.09812672
1591.467,84.80510574,85.11635162,85.08127706,85.17281478,85.2982262,85.1930173,85.10753263
1590.985,84.81447927,85.12556354,85.09322822,85.17752174,85.30529713,85.20282607,85.11791954
1590.503,84.82151009,85.1330122,85.10322146,85.18026758,85.31040427,85.2104777,85.12713162
1590.021,84.8248304,85.13693281,85.10929636,85.18007144,85.31236864,85.21440187,85.1330122
1589.539,84.8248304,85.13771696,85.11204,85.17791399,85.31177932,85.21459809,85.13595264
1589.057,84.82365851,85.13771696,85.11321588,85.1765411,85.31099358,85.21361702,85.13771696
1588.574,84.8248304,85.14006943,85.11615563,85.17850238,85.31335084,85.21459809,85.14124569
1588.092,84.83108076,85.14693119,85.12321147,85.18615183,85.32120885,85.22009225,85.14869573
1587.61,84.84182463,85.15810723,85.13458042,85.19890242,85.33456913,85.23010039,85.16046027
1587.128,84.85510985,85.17163808,85.14810754,85.21459809,85.35048631,85.24325013,85.1739915
1586.646,84.86742006,85.18399422,85.16065636,85.22911915,85.36562022,85.25620558,85.18615183
1586.164,84.8758233,85.19203648,85.16948085,85.23991344,85.37682496,85.2664143,85.19458662
1585.682,84.87914574,85.19517513,85.17418762,85.24540923,85.38232959,85.27289354,85.19831389
1585.2,84.8789503,85.19497896,85.17595272,85.24697953,85.3837058,85.27662423,85.19890242
1584.718,84.87836398,85.19439046,85.17771786,85.24756839,85.38331259,85.28015872,85.19968714
1584.235,84.88012295,85.19595981,85.18242509,85.24972761,85.38449222,85.28526436,85.20282607
1583.753,84.88579101,85.20145277,85.1904672,85.25502773,85.38862102,85.29311979,85.20969288
1583.271,84.89419607,85.20988909,85.20106041,85.2622914,85.39510955,85.30254725,85.2189149
1582.789,84.90279745,85.21852246,85.21145872,85.26994837,85.4021885,85.31119001,85.22774543
1582.307,84.90905355,85.22499806,85.21911113,85.2754461,85.40769476,85.31688685,85.23363296
1581.825,84.91179074,85.22794168,85.22283947,85.27799874,85.41084136,85.31904782,85.23481051
1581.343,84.91218178,85.22872666,85.22382064,85.27839146,85.4124147,85.31885137,85.23284793
1580.861,84.91315937,85.22951165,85.2251943,85.27937327,85.41516811,85.31924428,85.23068914
1580.378,84.91824303,85.23402547,85.23068914,85.28447886,85.42244542,85.32395932,85.23265168
1579.896,84.93075797,85.24560552,85.24325013,85.29685137,85.43719863,85.33633756,85.24226873
1579.414,84.95246794,85.26562897,85.26445099,85.31767265,85.46061228,85.3581512,85.26150611
1578.932,84.98298862,85.29390537,85.29331618,85.34714542,85.49229979,85.38901425,85.29037031
1578.45,85.01841419,85.32729931,85.32670989,85.38173979,85.52911928,85.42519916,85.32553106
1577.968,85.05326699,85.35972357,85.35834775,85.41595482,85.56496952,85.46061228,85.36129597
1577.486,85.07990573,85.38429561,85.38134659,85.44270715,85.59275394,85.48757544,85.39058719
1577.004,85.09381603,85.39628933,85.39078381,85.45667677,85.60733944,85.50037116,85.40828474
1576.522,85.09499165,85.39569944,85.38704812,85.4578574,85.60852216,85.49918993,85.41379139
1576.039,85.08891777,85.38822779,85.3762352,85.45097059,85.6014261,85.49033128,85.41162802
1575.557,85.08127706,85.37918404,85.36463741,85.44172346,85.59137436,85.47989893,85.40612151
1575.075,85.07285348,85.36974811,85.3536308,85.43090362,85.5799444,85.46986146,85.39786241
1574.593,85.06090519,85.35775811,85.34183957,85.41733157,85.56496952,85.45766063,85.38488543
1574.111,85.04602113,85.34341164,85.32867463,85.40120528,85.54743648,85.44290389,85.36837212
1573.629,85.03309762,85.33181831,85.31865492,85.38803118,85.53266424,85.43070691,85.3536308
1573.147,85.02918179,85.32965702,85.31767265,85.38449222,85.52734686,85.42775629,85.34852107
1572.665,85.03838427,85.34105355,85.32965702,85.39491292,85.53620935,85.43798554,85.35697194
1572.183,85.05953418,85.3642443,85.3530412,85.41713489,85.55768007,85.45982517,85.37780791
1571.7,85.08539121,85.39275003,85.3809534,85.44428108,85.58506799,85.48600072,85.40395833
1571.218,85.1065528,85.41654485,85.40435164,85.46612231,85.60871928,85.5064744,85.42539586
1570.736,85.11419578,85.42716617,85.41497144,85.47399439,85.62015309,85.51238118,85.43306748
1570.254,85.10616087,85.42244542,85.41064469,85.46553193,85.61699878,85.50194615,85.42441237
1569.772,85.08970148,85.40907138,85.39786241,85.44821602,85.60576251,85.48304819,85.40631817
1569.29,85.07833851,85.39982879,85.38940748,85.43582156,85.59906088,85.47005826,85.39235678
1568.808,85.08362798,85.40651482,85.39648597,85.44073978,85.60773368,85.47537208,85.39550281
1568.326,85.1077286,85.43110033,85.42126528,85.46553193,85.63356018,85.50096177,85.41831498
1567.843,85.14301011,85.46690949,85.45707031,85.50273365,85.66965146,85.53896675,85.45411878
1567.361,85.17987531,85.50450557,85.49466206,85.54251212,85.70674468,85.57856503,85.49289035
1566.879,85.21224355,85.537785,85.52793766,85.57817092,85.73911571,85.61305606,85.5281346
1566.397,85.23834327,85.5647725,85.55452807,85.60733944,85.76498184,85.64046171,85.55728606
1565.915,85.25993555,85.58723575,85.57600339,85.63119407,85.7859174,85.6619586,85.58191498
1565.433,85.28114055,85.6089164,85.59551317,85.65347753,85.80567261,85.68188255,85.60497406
1564.951,85.30627925,85.63395454,85.61719592,85.67813413,85.82859436,85.70457389,85.63060255
1564.469,85.33908852,85.66590357,85.64480009,85.70852082,85.85804593,85.7339829,85.66235309
1563.987,85.38154319,85.70674468,85.68030425,85.74740782,85.89620963,85.77288145,85.70260049
1563.504,85.43444451,85.75708296,85.72490253,85.79539933,85.94408653,85.82207289,85.75214653
1563.022,85.49800873,85.81792313,85.77959669,85.85389442,86.00248497,85.88256366,85.81179765
1562.54,85.57344183,85.8898808,85.84539435,85.92410161,86.07202091,85.95497137,85.88256366
1562.058,85.66038066,85.97298385,85.92212315,86.00545544,86.15272129,86.03912796,85.96387817
1561.576,85.75412106,86.06290474,86.00545544,86.09342789,86.23925578,86.12891971,86.05121367
1561.094,85.84302239,86.14835718,86.08510232,86.17672789,86.32031172,86.21205553,86.13248952
1560.612,85.90926432,86.21245256,86.14518341,86.23746864,86.37777244,86.26884826,86.1894283
1560.13,85.93280734,86.23727007,86.16978314,86.25792368,86.39288956,86.2799729,86.20272604
1559.647,85.90214333,86.21384215,86.1499441,86.22873204,86.35589707,86.2352844,86.16204538
1559.165,85.82523475,86.15034084,86.09382437,86.16025983,86.2787809,86.14776209,86.07875957
1558.683,85.74405139,86.08411123,86.0349677,86.09164377,86.20431397,86.06330107,85.99713838
1558.201,85.7166126,86.06627364,86.0199132,86.07519198,86.18744373,86.04051476,85.97456755
1557.719,85.75471344,86.10730563,86.05755439,86.11920261,86.23488728,86.0876792,86.01852674
1557.237,85.82068962,86.17256098,86.11622821,86.18684837,86.30719457,86.16244217,86.08867032
1556.755,85.88177266,86.23151177,86.16819585,86.24640471,86.37140812,86.22873204,86.1519278
1556.273,85.92983938,86.27739026,86.20748991,86.29129766,86.42034585,86.2787809,86.20093966
1555.791,85.97021246,86.31633661,86.24044722,86.32786492,86.45995397,86.31911917,86.24144011
1555.308,86.00981232,86.35530054,86.27361579,86.36305567,86.49798688,86.35728897,86.2805689
1554.826,86.05200623,86.39766394,86.31057304,86.40064806,86.53743133,86.39746501,86.32130552
1554.344,86.09699624,86.44283467,86.35132383,86.44064523,86.5788873,86.43925199,86.36325453
1553.862,86.14260482,86.4888256,86.39428206,86.48105918,86.61996422,86.48086005,86.40462705
1553.38,86.18585612,86.53145374,86.43566945,86.51890215,86.65826706,86.51910137,86.44223754
1552.898,86.22297431,86.56712613,86.47189968,86.55138064,86.69019902,86.55038419,86.47369168
1552.416,86.2517668,86.59403962,86.50037694,86.57589702,86.71415572,86.57290684,86.49699104
1551.934,86.27162929,86.61218603,86.52049591,86.59284329,86.72973112,86.58686187,86.51272664
1551.451,86.28493971,86.62475115,86.53444249,86.60480736,86.73991655,86.59503658,86.52388273
1550.969,86.29547031,86.63612116,86.54599993,86.61557643,86.74810571,86.60121796,86.53364548
1550.487,86.30818822,86.65188207,86.56014993,86.62973781,86.75929214,86.61098944,86.54659777
1550.005,86.32826248,86.67702566,86.58167831,86.65248065,86.77867206,86.62933887,86.56732546
1549.523,86.3606694,86.71575307,86.61517756,86.68800332,86.81064839,86.66145972,86.59962273
1549.041,86.40661662,86.7678827,86.66145972,86.73652128,86.85643502,86.70796627,86.64410101
1548.559,86.46353751,86.82924005,86.71755012,86.79505846,86.91265161,86.76608461,86.69758496
1548.077,86.52487887,86.8930417,86.77707355,86.85703501,86.97311001,86.82864026,86.75449778
1547.595,86.58427006,86.95268559,86.8338386,86.91585365,87.03160647,86.88864008,86.80864953
1547.112,86.63632065,87.00355532,86.88303834,86.96690208,87.0829234,86.94067346,86.85543506
1546.63,86.67782399,87.04302989,86.92125736,87.0067607,87.12403885,86.9811209,86.89224139
1546.148,86.70756697,87.07029182,86.94768033,87.03481289,87.15353359,87.00836344,86.91765485
1545.666,86.72633624,87.08693381,86.96309744,87.05164854,87.17260012,87.02359093,86.93286647
1545.184,86.73791931,87.09696064,86.97150792,87.06127038,87.18524655,87.03100528,86.94147422
1544.702,86.74830545,87.10638691,86.97871756,87.06969036,87.19689091,87.03721778,86.94988261
1544.22,86.76348743,87.12123035,86.99073494,87.08312391,87.21415955,87.04984457,86.96369816
1543.738,86.78766421,87.14570748,87.01196971,87.10678805,87.24107331,87.07390065,86.98773044
1543.256,86.82164298,87.18083013,87.04363116,87.14149371,87.27884693,87.11100014,87.0229898
1542.773,86.86363512,87.22560693,87.08392598,87.1858488,87.32528265,87.15855069,87.06768553
1542.291,86.90904946,87.27583248,87.12925488,87.23564972,87.37596797,87.21154895,87.11721836
1541.809,86.95348646,87.32829881,87.17561101,87.28588106,87.42527358,87.26377571,87.16698008
1541.327,86.99434048,87.37999188,87.22038513,87.33312488,87.4695717,87.31060549,87.21415955
1540.845,87.03300926,87.43111159,87.26478037,87.37757751,87.50885472,87.35182844,87.2583507
1540.363,87.07710863,87.48548424,87.31442533,87.42446836,87.54876014,87.39327208,87.30557963
1539.881,87.13808272,87.54996968,87.37717512,87.48387271,87.60098712,87.44721848,87.36490319
1539.399,87.2219918,87.62943267,87.45728679,87.56206599,87.674238,87.52275909,87.44258745
1538.916,87.32005488,87.7166425,87.54634111,87.65243795,87.76189658,87.61389743,87.53142525
1538.434,87.41098215,87.79484168,87.62620434,87.73563021,87.84499046,87.70008211,87.61268701
1537.952,87.47722547,87.84984509,87.68231347,87.79544815,87.905895,87.76250282,87.67060428
1537.47,87.51489982,87.87857379,87.71240113,87.82800137,87.94010908,87.79625678,87.70189957
1536.988,87.53243299,87.88929888,87.7241159,87.84134966,87.95509459,87.80899368,87.71442081
1536.506,87.54210797,87.89415596,87.72916585,87.84782229,87.9625883,87.81384631,87.72027813
1536.024,87.5533968,87.90225168,87.73684233,87.85712753,87.97210826,87.82112577,87.72855984
1535.542,87.56972785,87.91723074,87.74997472,87.87290823,87.98709922,87.83447302,87.74270115
1535.06,87.58828039,87.93666683,87.76694871,87.89294167,88.00553755,87.85207021,87.76007789
1534.577,87.60542483,87.95651227,87.78392598,87.91338452,88.02377706,87.86987326,87.77725595
1534.095,87.6199498,87.97615962,87.8005022,87.93281976,88.04060129,87.88666808,87.7934266
1533.613,87.63689864,87.9990533,87.82092356,87.95509459,88.06067296,87.90690706,87.81344192
1533.131,87.66414471,88.03249283,87.85186793,87.98649143,88.09109329,87.93788173,87.84478819
1532.649,87.70715019,88.07953232,87.89638221,88.03127662,88.13511997,87.98304736,87.89112026
1532.167,87.7627049,88.13694643,87.95084169,88.0860225,88.18972736,88.03918226,87.94861406
1531.685,87.82294573,88.19764723,88.00776662,88.14404972,88.24680691,88.09799002,88.00877985
1531.203,87.88059729,88.25452869,88.06047019,88.19866265,88.29945032,88.15216846,88.06452562
1530.72,87.93140246,88.30433006,88.10509017,88.24660372,88.34419139,88.1980534,88.11219089
1530.238,87.97393135,88.34561534,88.14120834,88.28643899,88.37979706,88.23420967,88.15074763
1529.756,88.00877985,88.37898306,88.16901723,88.31876754,88.40707054,88.26103176,88.18058994
1529.274,88.03695239,88.4056456,88.19094576,88.34480165,88.4280402,88.28074713,88.20373992
1528.792,88.06107849,88.42844743,88.20962992,88.36718084,88.44555266,88.29599399,88.22283307
1528.31,88.08399427,88.44962582,88.22791173,88.38814104,88.4626612,88.31063346,88.24030489
1527.828,88.10752464,88.47162414,88.24822929,88.41012406,88.48201413,88.32751252,88.2589995
1527.346,88.13268474,88.49525805,88.27099052,88.43394518,88.50422429,88.34785302,88.2795275
1526.864,88.15927297,88.52012122,88.29599399,88.45940217,88.52908998,88.37186084,88.30168683
1526.381,88.18627534,88.54580691,88.32141128,88.48608897,88.5555939,88.39872478,88.32507197
1525.899,88.21328598,88.571704,88.34683589,88.51339525,88.58251369,88.42742936,88.34927703
1525.417,88.24091443,88.59822067,88.37247129,88.54172932,88.61046182,88.45756903,88.37491315
1524.935,88.26936453,88.62576562,88.39892832,88.57129611,88.63943926,88.48934898,88.40259223
1524.453,88.30006027,88.65556461,88.42763297,88.60291291,88.67046786,88.52277099,88.43313067
1523.971,88.3328006,88.68782412,88.45919849,88.636786,88.70436678,88.55824473,88.46632775
1523.489,88.36697737,88.72172967,88.49260911,88.6716929,88.73970895,88.59475266,88.5013713
1523.007,88.39994606,88.75544382,88.52582851,88.70497953,88.77424757,88.62984708,88.53540943
1522.524,88.42966912,88.78671747,88.55620562,88.73439651,88.80552785,88.66107648,88.56599376
1522.042,88.45614327,88.81616156,88.58332956,88.75953125,88.83334179,88.68843676,88.59352868
1521.56,88.48425527,88.84725203,88.61046182,88.7846731,88.86116445,88.71662259,88.62209247
1521.078,88.51950975,88.88469776,88.64107207,88.81493453,88.89411283,88.75033479,88.65638116
1520.596,88.56069172,88.92625438,88.67475557,88.84950242,88.93116876,88.78876188,88.69538026
1520.114,88.59801667,88.96250434,88.70293704,88.87958129,88.96393825,88.82270602,88.72949301
1519.632,88.62066406,88.98340085,88.71703114,88.89513627,88.9823764,88.84091033,88.74869996
1519.15,88.62433716,88.98565469,88.71355848,88.89227067,88.98278618,88.83927383,88.74931302
1518.668,88.61250217,88.97295198,88.69599295,88.8748744,88.96864986,88.82188794,88.73480515
1518.185,88.59250872,88.95349167,88.67148873,88.85113911,88.947552,88.79632662,88.71314994
1517.703,88.57292767,88.93567385,88.64821599,88.82966004,88.92748295,88.77199908,88.69272533
1517.221,88.56150739,88.92707343,88.63372465,88.81922922,88.91581222,88.75748751,88.6812896
1516.739,88.56497411,88.93362606,88.634541,88.82638749,88.91847383,88.76014438,88.68537362
1516.257,88.58598122,88.9567689,88.65250261,88.85257123,88.93751691,88.78283321,88.7068178
1515.775,88.62229653,88.99303129,88.68476101,88.89411283,88.97008388,88.82291054,88.74236529
1515.293,88.66658869,89.03525359,88.72397688,88.94222712,89.00922097,88.87241873,88.7846731
1514.811,88.71151579,89.07606018,88.76259695,88.9889331,89.0479652,88.92256877,88.82618296
1514.329,88.75135657,89.1107297,88.79571324,89.02869347,89.08139307,88.96701101,88.86177828
1513.846,88.78385537,89.13740775,88.82086534,89.05924314,89.10724163,89.0022529,88.88899582
1513.364,88.80716372,89.15506069,88.83681915,89.07975215,89.12427294,89.02643854,88.90659957
1512.882,88.81922922,89.16204073,88.84172859,89.08857247,89.13104534,89.03750874,88.91274123
1512.4,88.81800214,89.15649772,88.83313725,89.08426476,89.1248886,89.0332035,88.90537129
1511.918,88.80102935,89.13658677,88.80982208,89.06519027,89.10436919,89.01229529,88.8828558
1511.436,88.76913746,89.10252268,88.77159027,89.03197347,89.06970214,88.97602505,88.84582
1510.954,88.72581555,89.05760262,88.72213825,88.98770368,89.02438866,88.92830201,88.79816679
1510.472,88.67700159,89.00778632,88.66760951,88.93854085,88.97418119,88.87651155,88.74645213
1509.989,88.6306634,88.95984141,88.61495066,88.89124727,88.92625438,88.82843282,88.69762681
1509.507,88.59210074,88.91949755,88.57048035,88.85113911,88.88592576,88.78978411,88.65760601
1509.025,88.56375055,88.88899582,88.53622487,88.82004728,88.85564014,88.76280133,88.6280104
1508.543,88.54397197,88.86709835,88.51156098,88.79571324,88.83334179,88.74522606,88.60658527
1508.061,88.52929383,88.85175287,88.49362792,88.77465639,88.81636607,88.73378356,88.58985687
1507.579,88.5207327,88.8450017,88.48405153,88.75789625,88.8061413,88.72867578,88.57863836
1507.097,88.53072076,88.85932298,88.49403545,88.75891812,88.81534354,88.74134362,88.58516532
1506.615,88.58169781,88.91642643,88.54417585,88.80307409,88.8666891,88.79469095,88.63352056
1506.133,88.68557783,89.02582357,88.64372546,88.90455244,88.97192765,88.90230066,88.73541811
1505.65,88.81861568,89.16224603,88.76975066,89.03976395,89.1066261,89.04160917,88.8675076
1505.168,88.93608342,89.28099055,88.88019525,89.16245134,89.22570744,89.1663522,88.98463021
1504.686,89.00737643,89.35214856,88.94632315,89.23926815,89.29826069,89.24378885,89.05575708
1504.204,89.02848848,89.37190187,88.9641431,89.26495698,89.31985307,89.26886232,89.07708571
1503.722,89.01291017,89.35400025,88.94611835,89.2522144,89.30422378,89.25509159,89.0614989
1503.24,88.9782787,89.31615115,88.90905618,89.21913329,89.26886232,89.22118766,89.0274635
1502.758,88.93915521,89.27379564,88.8666891,89.18010924,89.22858378,89.18195736,88.9889331
1502.276,88.9037336,89.23495316,88.82741015,89.14397588,89.19140392,89.14582325,88.95431096
1501.793,88.8738512,89.20208384,88.7930553,89.11319196,89.15957713,89.1148335,88.9256401
1501.311,88.84684288,89.17292246,88.76157504,89.08549552,89.13042964,89.08590577,88.90025363
1500.829,88.81779763,89.14253906,88.72867578,89.05678237,89.09924008,89.05432168,88.87262337
1500.347,88.78160664,89.10621575,88.6890494,89.02213384,89.06129383,89.01577965,88.83763737
1499.865,88.73541811,89.06026848,88.63984746,88.97868846,89.01352505,88.96803529,88.79141969
1499.383,88.67883928,89.00471215,88.58027006,88.92584486,88.95574475,88.91192232,88.73398788
1498.901,88.61433853,88.94161273,88.51278382,88.86566599,88.89022388,88.85072993,88.66740535
1498.419,88.54458362,88.8738512,88.44005419,88.80062041,88.82025179,88.78794411,88.59516065
1497.937,88.47080929,88.80225619,88.36311147,88.73133179,88.74645213,88.72418118,88.518083
1497.454,88.38895513,88.72315971,88.2795275,88.65413566,88.66515957,88.65536048,88.4333343
1496.972,88.29253781,88.62943893,88.1822143,88.56232308,88.56966459,88.57374346,88.33402097
1496.49,88.17429582,88.51400668,88.06412007,88.4492185,88.45268082,88.471013,88.21308286
1496.008,88.03188472,88.37369221,87.9226967,88.31266691,88.31185352,88.34378455,88.06797288
1495.526,87.86926628,88.21287974,87.76189658,88.15663409,88.15135655,88.19521027,87.9032637
1495.044,87.69543769,88.03999313,87.58969216,87.98953042,87.98000858,88.03391175,87.72775183
1494.562,87.51913165,87.86461289,87.41520895,87.81991249,87.80636527,87.86825465,87.55077605
1494.08,87.34599571,87.69261077,87.24388568,87.65324526,87.63588968,87.70452484,87.37757751
1493.597,87.17641393,87.52437133,87.07610613,87.48971464,87.4693703,87.54372057,87.20893843
1493.115,87.00495766,87.35484551,86.90604778,87.32427728,87.30095609,87.38099788,87.03922191
1492.633,86.8204435,87.17260012,86.72314119,87.14570748,87.11922433,87.2057256,86.85683501
1492.151,86.60700095,86.96249672,86.51153143,86.93887178,86.90904946,87.00355532,86.64609609
1491.669,86.34854023,86.70776662,86.25573893,86.68740451,86.65407686,86.75829329,86.39090032
1491.187,86.03318479,86.39607245,85.94369075,86.37936359,86.34237688,86.45895857,86.07895777
1490.705,85.65978894,86.02625162,85.57442704,86.01377331,85.97278589,86.10433164,85.70950758
1490.223,85.24285757,85.61207041,85.1618329,85.60497406,85.55965013,85.70832347,85.29645856
1489.741,84.81018294,85.18007144,84.73288625,85.17987531,85.12987584,85.29704777,84.86742006
1489.258,84.3905855,84.75961981,84.3154185,84.76781719,84.71240273,84.8979102,84.45045621
1488.776,84.00110518,84.36863059,83.92647835,84.38631064,84.32434958,84.52749525,84.06263517
1488.294,83.64346201,84.00942264,83.56780594,84.03708895,83.96765024,84.18757501,83.70550098
1487.812,83.31035786,83.67563176,83.23231996,83.71340365,83.63556594,83.87122766,83.37176582
1487.33,82.99463131,83.36005644,82.91364352,83.40748,83.32110099,83.5718469,83.0546591
1486.848,82.693048,83.05982275,82.60950122,83.11626135,83.02196343,83.28734154,82.7517144
1486.366,82.4067905,82.77572629,82.32106873,82.84055503,82.73894901,83.01852252,82.4643044
1485.884,82.13589617,82.50779864,82.0491337,82.58021324,82.47265959,82.76619693,82.193221
1485.402,81.87871156,82.25361613,81.79146743,82.33339048,82.22066783,82.5279391,81.93661156
1484.919,81.62985029,82.00795836,81.54305909,82.09486632,81.97775108,82.29870472,81.68945526
1484.437,81.38286975,81.76416388,81.29708991,81.85797559,81.73686944,82.07142989,81.44473227
1483.955,81.13177919,81.51546307,81.04663725,81.61650624,81.4910662,81.83950615,81.19606826
1483.473,80.87196582,81.25778879,80.78728256,81.36544425,81.23571364,81.59809128,80.93847176
1482.991,80.60092019,80.98806076,80.51633534,81.10226813,80.96792322,81.34427636,80.66906068
1482.509,80.31746635,80.70584705,80.23280948,80.8259839,80.68652282,81.07650143,80.38647778
1482.027,80.02247878,80.41202518,79.93758065,80.53747323,80.3925862,80.79565387,80.09142117
1481.545,79.71811116,80.10949611,79.63390267,80.24001478,80.0893926,80.50521237,79.78660761
1481.062,79.40904992,79.80351122,79.32681179,79.9388691,79.78201485,80.21027402,79.47709781
1480.58,79.10246186,79.50089173,79.02236078,79.64105418,79.47782982,79.91807235,79.16988243
1480.098,78.8043153,79.20817372,78.72995442,79.35238786,79.18264414,79.63555296,78.87148176
1479.616,78.5199474,78.92780043,78.44766115,79.07878718,78.90236121,79.36700645,78.58868103
1479.134,78.24741518,78.66109723,78.18078018,78.81883293,78.63574397,79.1097478,78.31771356
1478.652,77.98301105,78.40251604,77.92018949,78.56516013,78.37724613,78.86240187,78.05666645
1478.17,77.72128995,78.14298556,77.6604674,78.31230375,78.11779929,78.61401911,77.79648945
1477.688,77.44796306,77.8735548,77.38913634,78.04768036,77.85024793,78.3537885,77.52646826
1477.206,77.15960576,77.58539937,77.09922277,77.7660428,77.56396469,78.07643948,77.23781866
1476.723,76.85462361,77.27873422,76.7891747,77.46401448,77.25916321,77.78036915,76.93075595
1476.241,76.5385094,76.96264769,76.46804728,77.15072295,76.94492842,77.47471726,76.6125645
1475.759,76.22720572,76.64961892,76.15176963,76.84223711,76.63550084,77.17204342,76.29920274
1475.277,75.93290234,76.35368466,75.85077107,76.54908431,76.34313674,76.88825419,76.00112134
1474.795,75.66063815,76.07991172,75.57184062,76.27812341,76.0711532,76.62667836,75.72512519
1474.313,75.39629413,75.81759428,75.30433887,76.01687288,75.80886596,76.37302631,75.45881834
1473.831,75.1173053,75.54052521,75.02396279,75.73907556,75.53182878,76.10619333,75.17959815
1473.349,74.79455799,75.2194234,74.70161653,75.41886634,75.20903217,75.79315752,74.85830685
1472.866,74.41148986,74.83934881,74.322447,75.03951182,74.82384126,75.42233958,74.47662709
1472.384,73.98437341,74.41320326,73.89584165,74.61566261,74.39264498,75.00668987,74.05254692
1471.902,73.55462743,73.98437341,73.46660992,74.19079076,73.96052751,74.59161324,73.62579546
1471.42,73.17285495,73.60206514,73.08192866,73.81251445,73.57495413,74.22496475,73.2436536
1470.938,72.86013977,73.28582817,72.76122463,73.50214276,73.25714682,73.92477307,72.92895658
1470.456,72.60892384,73.02978129,72.50200218,73.25208657,73.00120014,73.68685144,72.67582994
1469.974,72.39690495,72.81653348,72.28363762,73.04323511,72.7880358,73.48860442,72.46194716
1469.492,72.2054535,72.62230013,72.08418623,72.85175191,72.59555002,73.30945654,72.27032371
1469.01,72.02279979,72.43692401,71.89356176,72.66913656,72.41190951,73.13748129,72.08584605
1468.527,71.84226234,72.25368477,71.70344138,72.48697895,72.22873354,72.96758959,71.90349491
1468.045,71.66382755,72.07422812,71.51711719,72.30860782,72.04933886,72.79976879,71.72490802
1467.563,71.49242032,71.90183929,71.33784732,72.13731939,71.87866461,72.63902396,71.5550023
1467.081,71.33127716,71.73812146,71.17049723,71.97472265,71.71665086,72.48697895,71.39536201
1466.599,71.18033047,71.58631383,71.0133499,71.82241434,71.56488867,72.34358059,71.24592018
1466.117,71.03460993,71.43811722,70.86144432,71.67537932,71.41838086,72.20379093,71.10170252
1465.635,70.88592322,71.2885859,70.70986368,71.52535138,71.26889085,72.05929353,70.95614295
1465.153,70.72940424,71.12953998,70.55048441,71.36577724,71.10988888,71.90349491,70.80109916
1464.67,70.56348148,70.96431255,70.38498137,71.2016405,70.94470709,71.73812146,70.63663466
1464.188,70.39956895,70.80272943,70.22310041,71.03788127,70.7815388,71.57477641,70.47417491
1463.706,70.25059388,70.65615498,70.07449877,70.89082002,70.63175543,71.42824836,70.32504197
1463.224,70.11969203,70.53099328,69.94714616,70.76687207,70.50501349,71.30336075,70.19561769
1462.742,70.00998748,70.42713151,69.83771156,70.66103591,70.39794796,71.20000104,70.08579435
1462.26,69.91011234,70.3331389,69.73968798,70.568356,70.3023755,71.10988888,69.98742257
1461.778,69.81520217,70.24250645,69.64340557,70.47904326,70.21178269,71.02316143,69.89401679
1461.296,69.71399966,70.14714502,69.54245209,70.38498137,70.11646298,70.9349064,69.79591418
1460.814,69.60653256,70.04546134,69.43365065,70.28457127,70.01321164,70.84023611,69.69153015
1460.331,69.49443046,69.93587292,69.3202308,70.17784049,69.90528329,70.74080539,69.58249547
1459.849,69.37771628,69.82484817,69.20221573,70.06804496,69.79430709,70.63826115,69.46883248
1459.367,69.26119813,69.71078929,69.08440158,69.95681038,69.68190257,70.53424143,69.35535515
1458.885,69.1416915,69.59371175,68.96202411,69.84092778,69.56487354,70.42550989,69.23728029
1458.403,69.00491099,69.45923567,68.82559903,69.70757906,69.4320519,70.29751936,69.10349294
1457.921,68.8366933,69.28991044,68.65623757,69.53924962,69.2643878,70.13422463,68.93503493
1457.439,68.62304737,69.07485787,68.44472769,69.32501943,69.05100438,69.92138143,68.72266616
1456.957,68.38171679,68.8303535,68.2055947,69.08281087,68.8113376,69.67869368,68.48098525
1456.475,68.15221887,68.5993499,67.9813837,68.85571621,68.58513534,69.45283853,68.25586896
1455.992,67.9735575,68.42266728,67.80785401,68.68153613,68.41163973,69.2819336,68.080071
1455.51,67.85002312,68.30146202,67.68773784,68.56618719,68.29359897,69.16876158,67.96103746
1455.028,67.76259045,68.21815979,67.60362748,68.48571591,68.21344761,69.09553756,67.87815043
1454.546,67.69085505,68.15221887,67.5351704,68.42424278,68.14751125,69.03669624,67.81097675
1454.064,67.62386672,68.0910451,67.46988967,68.36597313,68.0863417,68.98267002,67.74698933
1453.582,67.55538914,68.0267934,67.40156802,68.30460749,68.02209444,68.92709895,67.68150386
1453.1,67.48387309,67.95947262,67.3302148,68.24015428,67.95321361,68.86681533,67.61141109
1452.618,67.41243274,67.8906552,67.25893713,68.17576188,67.88440253,68.80500013,67.54139091
1452.135,67.34416927,67.82503085,67.18928198,68.11456697,67.81878423,68.7448233,67.47299685
1451.653,67.28527008,67.76727149,67.12897254,68.05969523,67.76103018,68.69260717,67.41398499
1451.171,67.24035536,67.72359439,67.08107288,68.01896198,67.71579788,68.65149513,67.36743314
1450.689,67.20784963,67.6939724,67.04710031,67.98921079,67.68462078,68.62304737,67.33486597
1450.207,67.18928198,67.67682875,67.0270337,67.9735575,67.66747949,68.60566842,67.31471323
1449.725,67.18154697,67.67371219,67.01777421,67.96886222,67.66280535,68.5993499,67.30696379
1449.243,67.18928198,67.68462078,67.02394706,67.97825311,67.67059577,68.60566842,67.31316327
1448.761,67.21558766,67.71423868,67.05173192,68.00486769,67.6986487,68.62936807,67.33796693
1448.279,67.27132782,67.77351337,67.1073362,68.05812812,67.75478944,68.6783733,67.39225679
1447.796,67.36122865,67.86564797,67.20011248,68.14751125,67.84689859,68.7606542,67.48076541
1447.314,67.48853487,67.99547312,67.3302148,68.27315929,67.97512267,68.88108827,67.60829754
1446.832,67.64878486,68.15849622,67.49319697,68.43212087,68.13809697,69.03510663,67.7688319
1446.35,67.83283995,68.34551179,67.67838708,68.61830722,68.32662984,69.21496442,67.95477831
1445.868,68.03462573,68.54882265,67.88127641,68.82084489,68.5314625,69.41286977,68.15849622
1445.386,68.24801117,68.76540418,68.09418088,69.03510663,68.74957219,69.62416504,68.37384451
1444.904,68.47152491,68.99220098,68.31561778,69.25960335,68.97631677,69.84414415,68.59777036
1444.422,68.70368001,69.22930951,68.54724427,69.49123019,69.21337071,70.07127179,68.83193839
1443.939,68.94297183,69.47363138,68.78440739,69.72844818,69.45603702,70.3039943,69.07008652
1443.457,69.18469011,69.7188155,69.02556974,69.96647594,69.70115905,70.53748972,69.31065451
1442.975,69.42246017,69.96003209,69.26279294,70.19885039,69.94070409,70.76524262,69.54725608
1442.493,69.64821653,70.18753659,69.48643007,70.41740232,70.16653007,70.9790202,69.76859866
1442.011,69.85218572,70.39308521,69.68832081,70.61386777,70.37039682,71.17213601,69.96969809
1441.529,70.03094713,70.57160587,69.86344547,70.78642838,70.54885994,71.34113263,70.14552984
1441.047,70.18107237,70.72126169,70.00998748,70.9316398,70.69683964,71.48418992,70.29266354
1440.565,70.3039943,70.8434985,70.1293801,71.05096814,70.81903424,71.60279908,70.41415955
1440.083,70.40443215,70.94307355,70.22633437,71.14919652,70.92020789,71.7001394,70.51475479
1439.6,70.48553492,71.02316143,70.3023755,71.22951709,71.00026996,71.78108193,70.59598465
1439.118,70.54885994,71.08533264,70.35905536,71.29186893,71.06242113,71.84391659,70.65940889
1438.636,70.58785745,71.1246267,70.39146437,71.33127716,71.10006537,71.88528518,70.69846752
1438.154,70.59435914,71.13117782,70.39470609,71.33948995,71.10661423,71.89687265,70.70823555
1437.672,70.56348148,71.10170252,70.35905536,71.30992834,71.07387596,71.86708007,70.67730808
1437.19,70.49527353,71.03297432,70.28780807,71.24263926,71.00190482,71.79761204,70.60899011
1436.708,70.40443215,70.94307355,70.19561769,71.15083481,70.90877783,71.70344138,70.51800219
1436.226,70.32018425,70.85981269,70.11323407,71.06896652,70.82392642,71.61599002,70.43686205
1435.743,70.27809812,70.81577298,70.07127179,71.02479682,70.7815388,71.56983237,70.39470609
1435.261,70.29104501,70.82718805,70.08256686,71.03624558,70.79620856,71.57972079,70.40767447
1434.779,70.36067546,70.89408473,70.14876024,71.10497695,70.8679712,71.64567852,70.47904326
1434.297,70.48066612,71.01171477,70.26515361,71.2245969,70.99209622,71.76455563,70.60086142
1433.815,70.6512744,71.1786915,70.42875318,71.3920742,71.16230389,71.92999001,70.77013108
1433.333,70.87123486,71.39536201,70.64314084,71.6077454,71.38385536,72.14064152,70.98882699
1432.851,71.14428188,71.66712786,70.91041058,71.87535455,71.65722737,72.40190612,71.26068619
1432.369,71.47925214,71.99958613,71.23771816,72.2004659,71.9896397,72.71935196,71.59290747
1431.887,71.88031969,72.39690495,71.62918339,72.58719263,72.38690364,73.09370902,71.9879821
1431.404,72.34691221,72.86181745,72.0891658,73.03987142,72.85007446,73.53092004,72.45193686
1430.922,72.8819527,73.39728577,72.61561168,73.55801482,73.38207703,74.03208827,72.98271242
1430.44,73.48183618,73.99459543,73.20656005,74.13785216,73.97585613,74.59333079,73.57834246
1429.958,74.1361451,74.64831344,73.84991504,74.77217263,74.62425355,75.20730044,74.22838301
1429.476,74.82728711,75.33729106,74.53152372,75.4414453,75.30954089,75.8577575,74.91693479
1428.994,75.53182878,76.03963088,75.22461956,76.12547228,76.00812162,76.52088778,75.61883809
1428.512,76.22018525,76.72731487,75.90318502,76.79271106,76.69022289,77.17204342,76.30447349
1428.03,76.87055205,77.37488205,76.54203421,77.42478357,77.33569628,77.78753332,76.95378755
1427.547,77.46936568,77.97223805,77.13296038,78.00635767,77.9309553,78.35739691,77.5496782
1427.065,78.0207283,78.51813943,77.67298579,78.54164626,78.47656766,78.87874643,78.09621753
1426.583,78.53441264,79.02781964,78.1771799,79.03873849,78.98415931,79.36700645,78.60496886
1426.101,79.02781964,79.51608696,78.65928601,79.51480532,79.47252287,79.83328498,79.09335538
1425.619,79.51572078,79.99852876,79.13707606,79.98471469,79.95488445,80.29435245,79.57561431
1425.137,80.00829213,80.4844536,79.61868493,80.45721583,80.44091464,80.75864062,80.06302594
1424.655,80.505027,80.97388937,80.10525366,80.93213551,80.93045834,81.22598751,80.55527786
1424.173,80.99458789,81.45617261,80.58570321,81.39973668,81.41248291,81.68682194,81.04197196
1423.691,81.46104931,81.91529507,81.04346482,81.84515961,81.87135911,82.12700778,81.50701717
1423.208,81.89077854,82.33794052,81.46480082,82.25664652,82.29415685,82.53421025,81.93661156
1422.726,82.2789991,82.71932845,81.8444058,82.6302373,82.67610345,82.90448007,82.32542852
1422.244,82.63004704,83.06345663,82.18565108,82.96902757,83.02138993,83.24132797,82.67686493
1421.762,82.95126245,83.37752514,82.49678046,83.28005436,83.33721828,83.55068214,82.99826233
1421.28,83.24918682,83.66811795,82.78430365,83.56876806,83.62998136,83.83782444,83.29597192
1420.798,83.52759942,83.93846057,83.05274672,83.83724531,83.90271223,84.10426116,83.57338637
1420.316,83.78822688,84.19048279,83.30421955,84.08644659,84.15695243,84.35076001,83.83203333
1419.834,84.032832,84.42673611,83.54144829,84.31774826,84.39466624,84.57811466,84.07405606
1419.352,84.26534438,84.65098189,83.76797173,84.53547553,84.61960622,84.79065692,84.30338247
1418.869,84.48818878,84.86624759,83.98563303,84.74322743,84.83479212,84.99199041,84.52282422
1418.387,84.69933489,85.07069875,84.19145208,84.94053655,85.03838427,85.18242509,84.73093523
1417.905,84.89145945,85.25718714,84.37776158,85.12144745,85.22401687,85.35716849,84.92117606
1417.423,85.05640053,85.41772494,84.53703275,85.27858782,85.3837058,85.50962464,85.08558712
1416.941,85.19066336,85.54783045,84.66560186,85.40789142,85.51375949,85.63612354,85.22048471
1416.459,85.29586936,85.64992756,84.76586536,85.5110029,85.61601308,85.73793119,85.32769225
1415.977,85.37898745,85.7298374,84.84436429,85.59354228,85.69687789,85.82088722,85.41300471
1415.495,85.44762577,85.79579444,84.90924906,85.66294482,85.76379696,85.89126519,85.48383552
1415.012,85.5080495,85.85349905,84.96655305,85.72450776,85.82306096,85.95457553,85.54625461
1414.53,85.56260531,85.90570375,85.01900148,85.78078179,85.87663131,86.01238694,85.60241163
1414.048,85.6097049,85.95081518,85.06501834,85.82978013,85.92271669,86.0625084,85.65071643
1413.566,85.64440569,85.98367436,85.09989025,85.86634954,85.95655473,86.09977172,85.68642034
1413.084,85.66077514,85.99872252,85.11791954,85.88434345,85.9717961,86.11840943,85.70358718
1412.602,85.65446366,85.99119811,85.11439177,85.87979518,85.96427405,86.11444362,85.69825917
1412.12,85.62488476,85.96090913,85.08852593,85.85152223,85.93340095,86.08728275,85.66984872
1411.638,85.57501817,85.91064903,85.0430838,85.80290661,85.88256366,86.04071288,85.62173028
1411.156,85.51060911,85.84618502,84.98318431,85.73970798,85.81713272,85.98030869,85.55945312
1410.673,85.43641173,85.77268395,84.91413697,85.66728435,85.74227451,85.91084684,85.48757544
1410.191,85.35500655,85.69214224,84.83772226,85.58782697,85.66077514,85.83511632,85.40867806
1409.709,85.26484364,85.60339717,84.75317957,85.5007649,85.57107738,85.75155417,85.32101239
1409.227,85.16281337,85.50332429,84.65721944,85.4025818,85.47045187,85.65722487,85.22166208
1408.745,85.04562948,85.38822779,84.54618196,85.29017392,85.35559616,85.54861837,85.10733667
1408.263,84.91179074,85.2565982,84.41915486,85.1618329,85.22539053,85.42460907,84.97672708
1407.781,84.76235218,85.10890442,84.2764047,85.01841419,85.08049344,85.28546074,84.8306901
1407.299,84.5985657,84.94640424,84.11936778,84.86077623,84.92195821,85.13262015,84.67047575
1406.816,84.42168186,84.77015944,83.94889809,84.68977908,84.75044749,84.96674869,84.49713815
1406.334,84.2302326,84.5786989,83.76411416,84.50453182,84.56448337,84.7863618,84.30901201
1405.852,84.02219057,84.36999046,83.56280312,84.30260601,84.36086031,84.58921604,84.10387385
1405.37,83.79594441,84.14319527,83.34412664,84.08315518,84.13815801,84.37426449,83.88011168
1404.888,83.55472227,83.9011667,83.11071145,83.84960093,83.89904164,84.14474526,83.64057312
1404.406,83.30690501,83.65309237,82.87108024,83.61091959,83.65270714,83.90986068,83.39422941
1403.924,83.06536925,83.41189733,82.6376579,83.37925301,83.41266559,83.68179743,83.15397221
1403.442,82.84131802,83.18901844,82.42140244,83.16603564,83.19055085,83.47222692,82.93120963
1402.96,82.64051215,82.98985389,82.22767298,82.97628753,82.99291141,83.28561557,82.73228131
1402.477,82.46107649,82.81232922,82.05499059,82.80794364,82.8176685,83.12008908,82.55511753
1401.995,82.2951043,82.6488852,81.89568126,82.65250109,82.65706876,82.96749923,82.39256058
1401.513,82.13230287,82.48861276,81.73950437,82.49962985,82.50057967,82.81709642,82.23373196
1401.031,81.96189671,82.32106873,81.57686287,82.33850929,82.33737175,82.65859138,82.06859529
1400.549,81.77753207,82.13930049,81.40067384,82.16218873,82.16048608,82.48519397,81.89021286
1400.067,81.5779899,81.9426491,81.21009153,81.96963477,81.96906854,82.29624126,81.69792006
1399.585,81.36994079,81.73743406,81.01137435,81.76755279,81.76905902,82.09845797,81.49782153
1399.103,81.16597314,81.53592453,80.81612074,81.56859843,81.5731062,81.90435602,81.30195709
1398.62,80.9787372,81.35139415,80.63693278,81.38568066,81.39373915,81.72689512,81.12262588
1398.138,80.81574857,81.19102047,80.48056192,81.22673563,81.23851947,81.57366969,80.96680461
1397.656,80.67593363,81.05410226,80.34632183,81.09106421,81.10600312,81.44379461,80.83342859
1397.174,80.55193919,80.93325363,80.22745212,80.97183846,80.98917966,81.33004264,80.71513919
1396.692,80.43443212,80.81891208,80.11521454,80.85949041,80.87866983,81.22318211,80.60277611
1396.21,80.31580193,80.70343127,80.00258133,80.74636861,80.76645105,81.11534133,80.48871612
1395.728,80.19180705,80.58199218,79.88587566,80.62802095,80.64825966,81.00242114,80.36871046
1395.246,80.06228853,80.45425173,79.7645648,80.50428553,80.52338069,80.88369819,80.24223192
1394.764,79.92966633,80.32227488,79.6408708,80.37740855,80.3940671,80.76161593,80.11152518
1394.281,79.79689634,80.1895913,79.51718552,80.25073154,80.26348266,80.63953225,79.97974221
1393.799,79.6654475,80.05804859,79.39442358,80.12573014,80.13329484,80.51874553,79.8487276
1393.317,79.53403206,79.92690571,79.27020841,80.00147606,80.00331819,80.39906534,79.71774405
1392.835,79.39990814,79.7946915,79.14618758,79.8759433,79.87189713,80.27808426,79.58550933
1392.353,79.26473281,79.65976117,79.01690229,79.74785306,79.73812147,80.15451673,79.45074978
1391.871,79.1243217,79.52267857,78.88419537,79.61685166,79.60218704,80.02892809,79.31402685
1391.389,78.98234066,79.38528349,78.75171131,79.48460128,79.46556947,79.90206437,79.17535148
1390.907,78.84061439,79.24648353,78.61763951,79.35238786,79.32863838,79.77485069,79.03873849
1390.425,78.69914244,79.10610475,78.48560313,79.21729342,79.1917609,79.64673917,78.90054444
1389.942,78.5543067,78.96597463,78.35018026,79.08060806,79.0532993,79.51608696,78.75896495
1389.46,78.40612669,78.82064782,78.21138921,78.94052311,78.90962872,79.37979994,78.61582929
1388.978,78.25462237,78.66834252,78.06745112,78.79342884,78.76077846,79.23736047,78.46572647
1388.496,78.09801578,78.51452362,77.92018949,78.64117612,78.60677883,79.08971308,78.31230375
1388.014,77.9435173,78.36100549,77.77499646,78.48741035,78.45488678,78.94052311,78.16098072
1387.532,77.80186363,78.22039415,77.64079971,78.34657219,78.31410698,78.80250079,78.02252481
1387.05,77.68550621,78.10161241,77.53182378,78.22940012,78.19698347,78.68645866,77.90942516
1386.568,77.60326613,78.01893183,77.45509661,78.14298556,78.11240329,78.60315894,77.82874008
1386.085,77.55682112,77.97223805,77.41408768,78.09441932,78.06565357,78.5561155,77.78216013
1385.603,77.54432144,77.95787635,77.40517556,78.081833,78.04947749,78.54345477,77.76962414
1385.121,77.55860695,77.97223805,77.42478357,78.09441932,78.0620586,78.55792434,77.78395115
1384.639,77.59611893,78.00815386,77.46401448,78.13039141,78.09621753,78.59230026,77.81978023
1384.157,77.65152692,78.0620586,77.5211131,78.18438062,78.14838367,78.64660865,77.8735548
1383.675,77.72307956,78.13219045,77.59611893,78.25282051,78.21859308,78.71364069,77.94531204
1383.193,77.81082142,78.21859308,77.68550621,78.33755272,78.30328823,78.79524315,78.03150801
1382.711,77.91121911,78.31591025,77.78574221,78.43140592,78.39890556,78.88964468,78.13219045
1382.229,78.01893183,78.42057097,77.89507504,78.53260434,78.50367719,78.98961554,78.24020866
1381.746,78.13398953,78.53260434,78.00995008,78.63936537,78.61401911,79.09517659,78.3537885
1381.264,78.25101869,78.64660865,78.12679346,78.74989801,78.72632885,79.20452613,78.47114688
1380.782,78.37544145,78.76621925,78.24921691,78.8660337,78.8460607,79.32133228,78.59410993
1380.3,78.50910022,78.89327777,78.38266043,78.99325323,78.97506645,79.44672515,78.72814161
1379.818,78.6556637,79.0350987,78.52717969,79.13160965,79.1152127,79.58495957,78.87511401
1379.336,78.81701808,79.18993746,78.6882705,79.28663749,79.27203369,79.73738706,79.03691857
1378.854,78.99143436,79.35969682,78.86058601,79.45312806,79.44123736,79.90151243,79.20999758
1378.372,79.17535148,79.53677911,79.04419848,79.62803524,79.61905158,80.07298156,79.39442358
1377.889,79.35786952,79.71682627,79.23006277,79.80534879,79.79983622,80.2459273,79.57909575
1377.407,79.54025885,79.89636115,79.41453549,79.98121551,79.97974221,80.41702454,79.76254451
1376.925,79.7197632,80.07445657,79.59870459,80.15562411,80.15857721,80.58625987,79.94383904
1376.443,79.90077651,80.2546121,79.78458676,80.33189279,80.33947696,80.75659515,80.12646812
1375.961,80.08810173,80.44109986,79.97734817,80.51503759,80.52653275,80.93269457,80.31524713
1375.479,80.28584821,80.63767548,80.18091353,80.70882041,80.72387477,81.11870335,80.51392524
1374.997,80.49427628,80.84459691,80.39591827,80.91387496,80.93120375,81.31506247,80.72275954
1374.515,80.70937793,81.05820831,80.61781069,81.1258014,81.1446703,81.51827856,80.93753993
1374.033,80.92337738,81.27088705,80.83864028,81.33753376,81.35682657,81.72181434,81.15046262
1373.55,81.12879024,81.47530596,81.05036967,81.54118152,81.55995923,81.91887887,81.35401665
1373.068,81.32049247,81.6666987,81.24768586,81.73159984,81.74948022,82.10469649,81.54362237
1372.586,81.49688325,81.84308663,81.42916848,81.90699635,81.92416055,82.27767293,81.71767467
1372.104,81.65823714,82.00455949,81.59527303,82.06746148,82.0842813,82.43658643,81.87682625
1371.622,81.80465172,82.15064923,81.74609206,82.21252747,82.22918768,82.58097384,82.02117755
1371.14,81.93491358,82.28032529,81.88116252,82.34135321,82.3584188,82.70904381,82.15008176
1370.658,82.04762231,82.39237087,81.99908382,82.45272247,82.47019093,82.81919407,82.26213939
1370.176,82.14289409,82.48671341,82.0999703,82.54656391,82.56443247,82.91135256,82.35728098
1369.693,82.22293971,82.56576326,82.18546184,82.62510036,82.6435568,82.98813409,82.43753552
1369.211,82.29264095,82.63404265,82.26005584,82.69342882,82.71209098,83.05446786,82.50760866
1368.729,82.35766025,82.6974275,82.32903027,82.75666866,82.77534509,83.11626135,82.57241754
1368.247,82.42197179,82.76009871,82.39616526,82.81938477,82.83750313,83.17810081,82.63613567
1367.765,82.48633355,82.82262671,82.46221574,82.88195757,82.89951696,83.24075296,82.6993317
1367.283,82.54789441,82.8825301,82.52489872,82.94190386,82.95890289,83.301726,82.75914591
1366.801,82.60208316,82.93560173,82.58040339,82.99520462,83.01125887,83.35621766,82.81175718
1366.319,82.64526946,82.97858028,82.62567111,83.03859646,83.0537029,83.4011425,82.85352687
1365.837,82.6770553,83.01106773,82.66068502,83.07187252,83.08602845,83.43494807,82.88462941
1365.354,82.70009339,83.03534606,82.68790715,83.09731666,83.11071145,83.46011908,82.90791624
1364.872,82.71875705,83.05599779,82.71190052,83.11951491,83.13176476,83.48029979,82.92796343
1364.39,82.73761543,83.07703724,82.7370439,83.14229341,83.15358927,83.49990858,82.94935245
1363.908,82.76009871,83.10076083,82.76581577,83.16833363,83.17848386,83.52125279,82.97495012
1363.426,82.78678172,83.12793649,82.79841057,83.19763862,83.20645129,83.54548797,83.00476035
1362.944,82.81652434,83.15684429,82.83349768,83.22848705,83.23576972,83.57165447,83.03744925
1362.462,82.84780375,83.18614524,82.86879046,83.25915521,83.26490675,83.59936911,83.07053357
1361.98,82.8811942,83.21641457,82.90467097,83.29041002,83.29443756,83.62940367,83.1043965
1361.498,82.91822562,83.2495702,82.94285877,83.32417071,83.32685681,83.66368705,83.14037901
1361.015,82.96043107,83.28810865,82.98545891,83.36312759,83.36427931,83.70434455,83.18059067
1360.533,83.00781841,83.3318455,83.03286055,83.40748,83.40709589,83.75061407,83.22561249
1360.051,83.05714526,83.37810109,83.0827762,83.4551227,83.45300894,83.79961049,83.27295957
1359.569,83.10382243,83.42284564,83.13099909,83.50163899,83.49721691,83.84670492,83.31860693
1359.087,83.14401641,83.46127213,83.17312132,83.5424101,83.53567765,83.88745136,83.35852091
1358.605,83.17484496,83.49164157,83.20721766,83.57492586,83.56568933,83.91971495,83.39058106
1358.123,83.19763862,83.51413745,83.23346986,83.59936911,83.58762776,83.94425903,83.4149704
1357.641,83.21545651,83.53202312,83.25512937,83.61862079,83.60514415,83.96436348,83.43494807
1357.158,83.23289491,83.550105,83.27641101,83.63672141,83.62247166,83.98389259,83.45454621
1356.676,83.25378747,83.57126961,83.30057515,83.65694483,83.64288422,84.00613424,83.47645547
1356.194,83.27871206,83.59648174,83.32858363,83.68064133,83.66734735,84.03167105,83.50183126
1355.712,83.30652137,83.62439716,83.35871285,83.70646468,83.69451557,84.05915113,83.52875341
1355.23,83.33414808,83.65212929,83.38866095,83.73248879,83.72169262,84.08586574,83.55472227
1354.748,83.35967255,83.67775116,83.4163149,83.75697812,83.7467573,84.11007108,83.57819738
1354.266,83.38328485,83.70164629,83.44205667,83.78051005,83.77009347,84.13195871,83.5995616
1353.784,83.40767205,83.72631938,83.46838297,83.80559233,83.79401496,84.15462712,83.62227911
1353.302,83.43610078,83.75485672,83.49837047,83.83492883,83.82180334,84.18117823,83.6494327
1352.819,83.47030492,83.78938446,83.53433122,83.87045518,83.85520017,84.2137487,83.68353161
1352.337,83.51029157,83.82913792,83.57531074,83.91101994,83.89382581,84.2515695,83.72381319
1351.855,83.55299076,83.87122766,83.61881333,83.95373072,83.93459515,84.2923186,83.7672002
1351.373,83.59474936,83.91217923,83.66118274,83.99491598,83.9744175,84.33231067,83.81022373
1350.891,83.63344761,83.9496713,83.70048991,84.03225152,84.01077672,84.36901912,83.849794
1350.409,83.66888857,83.98389259,83.73692334,84.06631291,84.04424885,84.40302267,83.88629242
1349.927,83.70415182,84.01793438,83.77317973,84.09980717,84.0781215,84.4368455,83.922227
1349.445,83.74309353,84.0554737,83.81331147,84.1369956,84.11626877,84.47437748,83.96185016
1348.962,83.78861274,84.09980717,83.86002741,84.18059673,84.16140945,84.51795883,84.00787514
1348.48,83.84110625,84.15094551,83.91314531,84.23100839,84.21413652,84.56798835,84.06050602
1347.998,83.8982689,84.20715604,83.97055043,84.28591387,84.2715535,84.62233408,84.11743089
1347.516,83.95643711,84.26437424,84.02857527,84.34182614,84.32998052,84.67749463,84.17478194
1347.034,84.01290461,84.32066054,84.08451045,84.39622086,84.38650495,84.73093523,84.2302326
1346.552,84.06786149,84.37523589,84.13854548,84.44928949,84.44112291,84.78323821,84.28339092
1346.07,84.12362912,84.43101301,84.19319682,84.50336436,84.49616535,84.83635485,84.33697118
1345.588,84.18350427,84.49071785,84.2521515,84.5621468,84.55494278,84.89400059,84.39466624
1345.106,84.24982356,84.55650036,84.31735996,84.62779006,84.61999591,84.95814083,84.45862368
1344.623,84.32163132,84.62779006,84.38825373,84.69991997,84.69075412,85.02800707,84.52846842
1344.141,84.39524922,84.70050506,84.4609574,84.77464894,84.7637184,85.0996943,84.60051368
1343.659,84.46523603,84.76976906,84.53022014,84.84670866,84.8336201,85.1685003,84.66950095
1343.177,84.52730062,84.83088543,84.59174814,84.91120419,84.89615085,85.22951165,84.73113033
1342.695,84.57947791,84.88207741,84.64357541,84.96616176,84.94914263,85.28074782,84.78343343
1342.213,84.62291863,84.92450027,84.68685405,85.01175854,84.99394744,85.322977,84.82717423
1341.731,84.6609232,84.9608796,84.72488734,85.05130859,85.03290182,85.35874084,84.86585676
1341.249,84.69660455,84.99473027,84.76118115,85.08735039,85.06952346,85.39117705,84.90260196
1340.766,84.73191073,85.02781129,84.79710001,85.12203545,85.10518106,85.42185535,84.93916748
1340.284,84.76625572,85.05933832,84.83205742,85.15477387,85.13908922,85.45057708,84.9749661
1339.802,84.79710001,85.08774223,84.86370727,85.18379808,85.16948085,85.47596253,85.00764795
1339.32,84.82326789,85.11164805,84.8904821,85.20851568,85.19458662,85.49741813,85.0352514
1338.838,84.8453411,85.1322281,84.91335489,85.22951165,85.21577538,85.51690999,85.05875075
1338.356,84.866443,85.15261706,84.93506041,85.25070909,85.23598808,85.537785,85.08088525
1337.874,84.89067757,85.17673723,84.95990146,85.2754461,85.25954291,85.56398443,85.10557298
1337.392,84.92058945,85.20674989,84.98983772,85.30608282,85.28879921,85.59689282,85.13497248
1336.91,84.95540214,85.24148363,85.02448303,85.34164307,85.32278054,85.63513762,85.16928474
1336.427,84.99238181,85.27839146,85.06070933,85.37918404,85.35893738,85.67556951,85.20537654
1335.945,85.02800707,85.31354728,85.09538353,85.41477476,85.3933399,85.7136521,85.24010971
1335.463,85.05992589,85.34478723,85.12595556,85.44664202,85.42382228,85.74721038,85.27132277
1334.981,85.08833,85.37250015,85.15320527,85.47478164,85.45038032,85.77623901,85.29920824
1334.499,85.11537169,85.39864895,85.17928691,85.5015524,85.47497846,85.80310418,85.325924
1334.017,85.14418642,85.42657607,85.20714229,85.52990704,85.50115865,85.83076829,85.3542204
1333.535,85.17614885,85.45746386,85.23873581,85.56162024,85.53010398,85.86081371,85.38547525
1333.053,85.2104777,85.49072498,85.27308988,85.59551317,85.56162024,85.89304515,85.41890503
1332.571,85.24403525,85.52321134,85.3066721,85.62882802,85.59255686,85.9244973,85.45116735
1332.088,85.27230449,85.55039124,85.33496211,85.65702764,85.61857592,85.95140891,85.47832435
1331.606,85.29194143,85.56950112,85.35500655,85.67695045,85.63671509,85.97100427,85.49682754
1331.124,85.30215442,85.57955029,85.36581678,85.68799876,85.64618054,85.98228848,85.50627752
1330.642,85.3051007,85.58250616,85.36974811,85.69194493,85.64854706,85.98723816,85.50883707
1330.16,85.3041186,85.58191498,85.36994468,85.69214224,85.64716658,85.98862412,85.5080495
1329.678,85.30215442,85.58073263,85.36994468,85.6915503,85.6451945,85.98941611,85.50667129
1329.196,85.30058311,85.57974735,85.37033782,85.69115568,85.64341967,85.99001011,85.50588375
1328.714,85.29842261,85.57797387,85.37014125,85.69036644,85.64125049,85.98921811,85.50470245
1328.231,85.29390537,85.57383591,85.36719272,85.68661764,85.63671509,85.98525826,85.5007649
1327.749,85.28565712,85.56595463,85.35972357,85.67892326,85.62863086,85.97694315,85.49289035
1327.267,85.27446434,85.55492206,85.34852107,85.66787612,85.61778735,85.9654617,85.4818672
1326.785,85.26248772,85.54310303,85.33614107,85.65564702,85.60655098,85.95338804,85.47025506
1326.303,85.25306468,85.53384593,85.32612047,85.64578612,85.59787829,85.94408653,85.46100585
1325.821,85.24854985,85.52872541,85.32120885,85.64046171,85.59373937,85.9395351,85.45687354
1325.339,85.24913873,85.52852847,85.32199469,85.64006732,85.59433063,85.94032664,85.45746386
1324.857,85.25247578,85.5306948,85.32631695,85.64322247,85.5976812,85.94408653,85.46120263
1324.375,85.25640189,85.53286119,85.33162183,85.64677216,85.6010319,85.9482424,85.46474477
1323.892,85.25836501,85.53305813,85.3351586,85.64874427,85.60201742,85.95041936,85.46572873
1323.41,85.25836501,85.53128563,85.33633756,85.64874427,85.60063769,85.95022145,85.46395761
1322.928,85.25777607,85.52872541,85.33614107,85.64775821,85.59846959,85.94923192,85.46080906
1322.446,85.25856133,85.52774073,85.33653405,85.647561,85.5974841,85.94923192,85.45844773
1321.964,85.26150611,85.52911928,85.33849902,85.64933592,85.59846959,85.95101309,85.45825095
1321.482,85.2652363,85.53128563,85.34066054,85.65150531,85.60063769,85.95358595,85.45923483
1321,85.26621796,85.53108869,85.34046404,85.65150531,85.60083479,85.95398178,85.45844773
1320.518,85.26032818,85.52419597,85.33397966,85.64558891,85.5949219,85.9482424,85.45175763
1320.035,85.2446241,85.5080495,85.31845846,85.63099689,85.58014146,85.93399455,85.43621501
1319.553,85.21871868,85.48206403,85.29351258,85.60714233,85.55590705,85.91064903,85.41103802
1319.071,85.18458265,85.44841277,85.26150611,85.57600339,85.52380212,85.88019067,85.37820109
1318.589,85.14614696,85.41064469,85.22558677,85.54034549,85.48718176,85.84559202,85.34066054
1318.107,85.10596491,85.37112412,85.18791718,85.50273365,85.44801927,85.80903145,85.30097594
1317.625,85.06443074,85.33024646,85.14869573,85.46297368,85.40671148,85.77051149,85.25915028
1317.143,85.019393,85.28565712,85.10557298,85.4192984,85.36090287,85.72766602,85.21302839
1316.661,84.96733562,85.23382922,85.0546379,85.36837212,85.30765423,85.67714773,85.15947983
1316.179,84.90514344,85.17163808,84.99316462,85.30765423,85.24442781,85.61680164,85.09577541
1315.696,84.83186208,85.09832267,84.92019837,85.23677314,85.1704614,85.54566368,85.02154644
1315.214,84.7486912,85.0150863,84.83733157,85.15653857,85.08715447,85.46553193,84.93760286
1314.732,84.65799916,84.92430473,84.74673981,85.06952346,84.99707879,85.37879086,84.84690403
1314.25,84.56195209,84.8285415,84.65078698,84.97711841,84.90181998,85.2878173,84.75142322
1313.768,84.46115187,84.72859406,84.5506596,84.8803184,84.80217673,85.19321346,84.65176156
1313.286,84.3552273,84.62389289,84.44578943,84.77816263,84.69738464,85.0942079,84.5475447
1312.804,84.24322807,84.51367753,84.33502927,84.66989087,84.58648925,84.99022911,84.43762319
1312.322,84.12498504,84.39758118,84.21840265,84.55572157,84.46912589,84.88070929,84.32163132
1311.839,84.00187886,84.27698687,84.09709615,84.43703992,84.34706982,84.76703645,84.20075777
1311.357,83.87663521,84.15423957,83.97364407,84.31658337,84.222669,84.65137173,84.07734712
1310.875,83.75196398,84.03186454,83.85056629,84.19668641,84.09903258,84.53586483,83.95392403
1310.393,83.62882598,83.91101994,83.72921124,84.0787023,83.97712456,84.42148748,83.83164727
1309.911,83.50721499,83.79150674,83.6089944,83.96204349,83.85655177,84.30784725,83.71012684
1309.429,83.38482085,83.67177844,83.48875792,83.84458124,83.73538086,84.19300296,83.58801269
1308.947,83.26030549,83.55029738,83.36639082,83.72439154,83.6118822,84.07541119,83.4633861
1308.465,83.13291327,83.4264954,83.24132797,83.60110158,83.4854899,83.95469728,83.33606694
1307.983,83.00399585,83.30153419,83.11530444,83.47626326,83.35736927,83.83241939,83.20721766
1307.5,82.87680497,83.17829234,82.99080936,83.35295483,83.23040348,83.71186161,83.08009797
1307.018,82.75438204,83.05944025,82.87088942,83.23442813,83.10822368,83.59628925,82.95737475
1306.536,82.63879959,82.94686951,82.75762144,83.1225772,82.99252921,83.48760449,82.84131802
1306.054,82.5298394,82.84017354,82.65078828,83.01718443,82.88329348,83.38539685,82.73151932
1305.572,82.42538797,82.73723441,82.54808449,82.91593454,82.77877591,83.28734154,82.62605162
1305.09,82.32296426,82.63537457,82.44683719,82.81652434,82.67629382,83.1907424,82.52223847
1304.608,82.2202892,82.53268993,82.34514526,82.71647148,82.5739386,83.09368131,82.41798643
1304.126,82.11698586,82.42918388,82.2426319,82.61558834,82.4713303,82.99577793,82.31348703
1303.644,82.01419,82.32599721,82.14062443,82.51520824,82.36960816,82.89818079,82.209688
1303.161,81.91397477,82.22502231,82.04119923,82.41703757,82.27028466,82.80279565,82.10847764
1302.679,81.81746135,82.12757509,81.94529066,82.32258515,82.17448671,82.71075782,82.01116854
1302.197,81.72463696,82.0336433,81.85307513,82.23202782,82.08201326,82.62205639,81.91793575
1301.715,81.63436145,81.94208306,81.76322254,82.14402894,81.99134298,82.53535051,81.82725831
1301.233,81.54456118,81.85119041,81.67384471,82.05688,81.90096144,82.44892547,81.73743406
1300.751,81.45410948,81.75983381,81.58381316,81.96906854,81.80954928,82.36183234,81.64676841
1300.269,81.36282138,81.66839112,81.49294262,81.88078545,81.71748651,82.27407344,81.55545218
1299.787,81.27238413,81.57817774,81.40273561,81.79278577,81.62609118,82.18697576,81.46442566
1299.304,81.18391671,81.49031564,81.314688,81.70676201,81.53723874,82.10223884,81.37537445
1298.822,81.09890679,81.4059221,81.22972819,81.62364786,81.4516713,82.02098869,81.28941534
1298.34,81.01715716,81.32461201,81.14803353,81.54324685,81.36956607,81.94283778,81.20635176
1297.858,80.9371672,81.24487971,81.06828769,81.46461324,81.28941534,81.86645785,81.125241
1297.376,80.85688385,81.16503869,80.98862021,81.38605545,81.20953056,81.79033745,81.0447711
1296.894,80.77537818,81.0837825,80.90809952,81.30682456,81.12879024,81.71334706,80.96400816
1296.412,80.69246825,81.00148857,80.82654223,81.22710969,81.0471971,81.63548928,80.88276699
1295.93,80.60890097,80.91909184,80.74506714,81.14784668,80.96568602,81.55808126,80.80179339
1295.448,80.5259765,80.83789573,80.66460287,81.0699677,80.88556063,81.48224759,80.72220193
1294.965,80.44480439,80.75845466,80.58570321,80.9938419,80.80700304,81.40817146,80.64398868
1294.483,80.36463934,80.68020629,80.50780759,80.91871919,80.7290794,81.33509907,80.56622224
1294.001,80.28381472,80.60110578,80.4288761,80.84217698,80.65011667,81.2609696,80.48667749
1293.519,80.20067066,80.51948713,80.34687684,80.76235978,80.56770634,81.18372978,80.40350848
1293.037,80.1135543,80.4336913,80.2605257,80.67779128,80.48056192,81.1017079,80.31524713
1292.555,80.02247878,80.34373181,80.16946769,80.58848659,80.38851387,81.01473206,80.22191039
1292.073,79.9278259,80.25054676,80.07464095,80.49501766,80.29268851,80.92393638,80.12499215
1291.591,79.83107914,80.15525498,79.97753232,80.39906534,80.19457682,80.83063675,80.02561124
1291.108,79.73261354,80.05860161,79.87888609,80.30193308,80.09529403,80.73558566,79.92469727
1290.626,79.63261913,79.96022362,79.77870824,80.20325607,79.99447638,80.63934657,79.82244017
1290.144,79.52963696,79.85902434,79.67627098,80.10248697,79.89157812,80.54062585,79.71774405
1289.662,79.42367896,79.75391296,79.57048405,79.99871296,79.78532161,80.43887722,79.60970232
1289.18,79.3122006,79.6443551,79.4609952,79.89176208,79.6757206,80.3339275,79.49814592
1288.698,79.19723146,79.53146822,79.34873363,79.78256597,79.56388848,80.22689793,79.38345559
1288.216,79.08242898,79.41819275,79.23553598,79.67278529,79.45166449,80.11964199,79.27020841
1287.734,78.96961124,79.30489601,79.1243217,79.5648045,79.34142568,80.01437182,79.15712278
1287.252,78.8587702,79.1954079,79.01508288,79.45971445,79.23371153,79.91218398,79.04783868
1286.769,78.75171131,79.08789199,78.91144571,79.35786952,79.1297876,79.81306702,78.94234081
1286.287,78.64841958,78.98415931,78.80794446,79.25743259,79.02781964,79.7155414,78.83879904
1285.805,78.54345477,78.8805627,78.70457897,79.15530014,78.92416575,79.61740163,78.73358015
1285.323,78.43682395,78.77528807,78.59953921,79.0532993,78.81883293,79.51663624,78.62669122
1284.841,78.32673074,78.66834252,78.49102491,78.94597632,78.71001588,79.41270693,78.51633151
1284.359,78.21319011,78.55792434,78.38085562,78.83698373,78.59772941,79.30489601,78.40251604
1283.877,78.09621753,78.44404859,78.26543439,78.72632885,78.48198882,79.19358438,78.28526031
1283.395,77.97582888,78.3285343,78.14838367,78.61039889,78.36461423,79.08060806,78.16638007
1282.912,77.85024793,78.20958835,78.02791461,78.49283225,78.24381184,78.9641564,78.0422892
1282.43,77.72307956,78.08722689,77.90404355,78.37183221,78.12139683,78.84424522,77.91480714
1281.948,77.58897239,77.95967142,77.77678731,78.24561349,77.9919897,78.71907822,77.78216013
1281.466,77.45152976,77.82515602,77.64258747,78.11240329,77.85921129,78.58868103,77.64616313
1280.984,77.30899009,77.68550621,77.50504986,77.97582888,77.72307956,78.45308031,77.50504986
1280.502,77.16138245,77.54253594,77.36063038,77.83411649,77.58004015,78.31230375,77.35884911
1280.02,77.01405663,77.39448238,77.21470206,77.69087272,77.43726397,78.16997985,77.20936844
1279.538,76.86347234,77.24315424,77.06549992,77.54610699,77.28941141,78.02611797,77.06017661
1279.056,76.71141611,77.092122,76.91481504,77.39982879,77.14184115,77.88072755,76.90773125
1278.573,76.55789786,76.93784186,76.76088974,77.25026893,76.991007,77.73560805,76.75382012
1278.091,76.40292757,76.78210248,76.60550855,77.09922277,76.83869848,77.58718586,76.59668952
1277.609,76.2447597,76.62491398,76.44868157,76.94670017,76.68315979,77.43548093,76.43812053
1277.127,76.08341541,76.46452588,76.28866235,76.7891747,76.52441178,77.28407263,76.27636706
1276.645,75.92066439,76.30623048,76.12722515,76.63197172,76.36599241,77.13118435,76.11495588
1276.163,75.75826151,76.14826279,75.96787879,76.4768515,76.207901,76.97859852,75.95388628
1275.681,75.59794672,75.99237189,75.81061155,76.32204526,76.05013687,76.82808355,75.79490274
1275.199,75.4414453,75.83854635,75.65541188,76.16930624,75.8961944,76.68139411,75.63973524
1274.717,75.2870014,75.6885177,75.50400695,76.02212412,75.74430761,76.53674705,75.48662352
1274.234,75.13806385,75.54226461,75.35637523,75.87697352,75.59794672,76.39589093,75.33902578
1273.752,74.9928744,75.39976634,75.21422761,75.73733162,75.45360601,76.2588058,75.19517943
1273.27,74.853136,75.26100268,75.07580541,75.60142822,75.31647747,76.12722515,75.05679229
1272.788,74.72053968,75.12768386,74.94454029,75.47271965,75.18306038,76.00112134,74.92383521
1272.306,74.59333079,75.00323577,74.81867279,75.34943497,75.05852056,75.88046786,74.79972479
1271.824,74.47491222,74.88589075,74.70161653,75.23328061,74.94108905,75.76698401,74.68097857
1271.342,74.36181819,74.7756161,74.59161324,75.1224944,74.83073311,75.66238033,74.57100566
1270.86,74.25744462,74.6723811,74.48863227,75.02050789,74.72742201,75.56314059,74.46805314
1270.377,74.15834004,74.57615702,74.39093204,74.92383521,74.63112701,75.47098184,74.37209237
1269.895,74.06618916,74.48691712,74.30020294,74.83245617,74.54010497,75.38414266,74.28138625
1269.413,73.97585613,74.40292341,74.2147109,74.7463517,74.45605128,75.30260494,74.1976243
1268.931,73.89073729,74.32415836,74.13273108,74.66550383,74.37551741,75.22635169,74.11736995
1268.449,73.81081488,74.24718628,74.05595725,74.58817825,74.29849214,75.15363652,74.04061202
1267.967,73.73267665,74.1754176,73.98096638,74.51264844,74.22496475,75.08272047,73.96733984
1267.485,73.65631713,74.10371828,73.90775322,74.44062315,74.154925,75.01359856,73.89584165
1267.003,73.58173094,74.03208827,73.83461251,74.3669551,74.0832455,74.94626597,73.82611247
1266.521,73.50891287,73.95882452,73.76154418,74.29507065,74.01333948,74.87726969,73.75475081
1266.038,73.43447596,73.88393201,73.68515476,74.21983765,73.94009428,74.80661442,73.68176151
1265.556,73.35842525,73.80741584,73.60884445,74.1429736,73.86522074,74.73430498,73.60714956
1265.074,73.28076594,73.72758356,73.52922694,74.06618916,73.78872395,74.6603463,73.52922694
1264.592,73.2015033,73.64783762,73.44800433,73.98778059,73.71060911,74.58474341,73.45138682
1264.11,73.1206427,73.56648399,73.36518213,73.90775322,73.63088153,74.50578588,73.37025019
1263.628,73.03818964,73.48352818,73.28245331,73.82611247,73.54954663,74.42691194,73.28751566
1263.146,72.95079011,73.39897582,73.1947615,73.7428639,73.46491831,74.34640959,73.20318884
1262.664,72.86181745,73.30945654,73.10549128,73.65631713,73.37700815,74.26257432,73.11559188
1262.181,72.7679265,73.21836051,73.01296749,73.56648399,73.28582817,74.1754176,73.02305531
1261.699,72.66746331,73.12401011,72.91552381,73.47168499,73.19139083,74.0832455,72.92727735
1261.217,72.56379705,73.02473674,72.81485684,73.37193962,73.09202599,73.98948424,72.82827107
1260.735,72.45694184,72.92056081,72.7093061,73.26895543,72.98775406,73.89073729,72.72437541
1260.253,72.34524638,72.81318024,72.60056491,73.16106183,72.87859644,73.78702492,72.61728373
1259.771,72.23039669,72.70260964,72.48864805,73.04996295,72.7679265,73.68176151,72.5053411
1259.289,72.11240835,72.58886403,72.3735707,72.93567389,72.65073293,73.57156595,72.39190412
1258.807,71.99295503,72.47029013,72.25534849,72.81988689,72.53205797,73.45984371,72.27531614
1258.325,71.87038975,72.35024398,72.13399742,72.69926164,72.41024218,73.34322457,72.15559296
1257.842,71.74472909,72.22540736,72.00953393,72.57716503,72.28363762,73.22510448,72.0327508
1257.36,71.61599002,72.09580576,71.88197482,72.45026862,72.15227015,73.10212473,71.90680626
1256.878,71.48089803,71.96146563,71.74968521,72.31693313,72.01782481,72.97431046,71.77447095
1256.396,71.33948995,71.82241434,71.61104313,72.17885693,71.87700956,72.84168777,71.63743048
1255.914,71.19344358,71.67702973,71.46773197,72.03440943,71.73151444,72.7042837,71.49406651
1255.432,71.039517,71.52535138,71.31649653,71.88362998,71.57807262,72.55878469,71.34277533
1254.95,70.87939469,71.36742051,71.16066534,71.72490802,71.42002535,72.40690764,71.18524761
1254.468,70.71312007,71.20328,70.99700035,71.56159306,71.25412314,72.24869383,71.02152608
1253.985,70.54073817,71.03133874,70.82718805,71.39043036,71.08369586,72.08252645,70.85002372
1253.503,70.36067546,70.85165512,70.64964761,71.21311778,70.90551243,71.91011777,70.67242604
1253.021,70.17299295,70.66429004,70.46281673,71.02970321,70.71963329,71.73151444,70.48715793
1252.539,69.97614284,70.4676843,70.27000752,70.83860497,70.52612134,71.54511729,70.29428211
1252.057,69.77020516,70.26353571,70.06643161,70.63988768,70.32504197,71.35263238,70.09224979
1251.575,69.55686505,70.05030007,69.8570111,70.4352402,70.1148485,71.15247314,69.88275212
1251.093,69.33619421,69.83127957,69.63859494,70.22148348,69.89884507,70.94634068,69.66585957
1250.611,69.1098579,69.60653256,69.41446808,70.00192775,69.67388061,70.73429022,69.44164496
1250.129,68.87633029,69.37452139,69.18309709,69.77663152,69.44324393,70.51637847,69.21177703
1249.646,68.63568936,69.13850748,68.94455932,69.54245209,69.20540268,70.29104501,68.97472855
1249.164,68.38958998,68.8937778,68.69893429,69.30107956,68.95884836,70.05836538,68.72899604
1248.682,68.13495917,68.64359179,68.44630371,69.05259436,68.706844,69.820025,68.47783166
1248.2,67.8750246,68.38486596,68.1867514,68.79549502,68.44787976,69.57288296,68.21973059
1247.718,67.60829754,68.1224094,67.9219272,68.53461856,68.18518136,69.32182697,67.95477831
1247.236,67.33951746,67.8547102,67.65190027,68.26844331,67.91723549,69.06531549,67.68773784
1246.754,67.06562867,67.58495049,67.38139532,68.00017024,67.64878486,68.80658444,67.41708959
1246.272,66.79285386,67.31316327,67.10888142,67.73139181,67.37829236,68.54566593,67.14597741
1245.79,66.51812517,67.03938167,66.83593069,67.46212236,67.1073362,68.28416451,66.87441562
1245.307,66.24452647,66.768251,66.56562285,67.19237623,66.83746967,68.02366073,66.60395213
1244.825,65.97053408,66.49668571,66.2948817,66.92370867,66.56715559,67.76259045,66.33458248
1244.343,65.7007005,66.23079986,66.02828239,66.65918508,66.30098797,67.50563082,66.06782352
1243.861,65.43799738,65.96901507,65.76881243,66.40029365,66.03892575,67.2542912,65.80819817
1243.379,65.18234791,65.71734356,65.51639611,66.14849993,65.78547275,67.01314495,65.55714019
1242.897,64.93965843,65.47567736,65.27546887,65.90980094,65.54355602,66.782089,65.31756709
1242.415,64.70979143,65.24691767,65.04591091,65.68406164,65.31455917,66.56409013,65.09085856
1241.933,64.49261697,65.03243267,64.82910112,65.47115462,65.09985182,66.36055354,64.87688657
1241.45,64.28949288,64.83059388,64.62640531,65.27095995,64.89929812,66.16830352,64.67701977
1240.968,64.09881489,64.6412878,64.43621175,65.08336513,64.71128144,65.99028439,64.48964704
1240.486,63.92047594,64.46440819,64.25841366,64.90826491,64.53866832,65.82335282,64.31614416
1240.004,63.75731215,64.30429778,64.09733898,64.74854297,64.38133828,65.67196331,64.15787927
1239.522,63.6106744,64.16083392,63.95286426,64.60557558,64.24066086,65.53751951,64.01621609
1239.04,63.48191219,64.03538132,63.82487898,64.48073808,64.11800485,65.41841236,63.89104625
1238.558,63.37091823,63.92783548,63.71621954,64.37244428,64.0132681,65.31756709,63.78374282
1238.076,63.2746862,63.83663704,63.62385798,64.28061157,63.92341966,65.23189574,63.69421654
1237.594,63.19460447,63.76024835,63.54626068,64.20221328,63.84692712,65.15983862,63.61799827
1237.111,63.12770487,63.69714983,63.48191219,64.13720055,63.78374282,65.09985182,63.55650395
1236.629,63.07394572,63.64730219,63.43077242,64.0855329,63.73382741,65.05190214,63.50676638
1236.147,63.03329355,63.60920973,63.39280955,64.04422874,63.69714983,65.01596306,63.47168094
1235.665,63.00572307,63.58577955,63.36799996,64.01621609,63.67368726,64.99351122,63.44830141
1235.183,62.99266758,63.57553156,63.35632822,64.00147751,63.6634251,64.98303635,63.43807558
1234.701,62.99121714,63.57992335,63.35778707,64.00000383,63.66782296,64.98303635,63.44099708
1234.219,63.00137094,63.59310055,63.36945908,64.00737253,63.68101838,64.99500777,63.45414549
1233.737,63.01878127,63.61653343,63.38989027,64.02506087,63.70301683,65.01446603,63.47460398
1233.254,63.04490578,63.64583667,63.41762886,64.04865291,63.73235991,65.04141786,63.50091746
1232.772,63.07685045,63.68101838,63.45122338,64.07963067,63.76612116,65.07287578,63.53455611
1232.29,63.11607739,63.72062105,63.49068314,64.11652849,63.80577675,65.11034552,63.57406769
1231.808,63.16114581,63.76905776,63.53748205,64.16083392,63.85133766,65.15383745,63.62092806
1231.326,63.21497929,63.82340937,63.59163628,64.21108375,63.90428793,65.20336361,63.67515342
1230.844,63.2746862,63.88369095,63.65316459,64.26729191,63.9646459,65.26044037,63.73529496
1230.362,63.33882463,63.94991919,63.71768668,64.32799273,64.02948371,65.32057514,63.80136936
1229.88,63.40448801,64.01916421,63.78521151,64.39171616,64.09881489,65.38377629,63.87045353
1229.398,63.47460398,64.08848421,63.85427819,64.45550272,64.16969868,65.45005261,63.94108479
1228.915,63.54479749,64.1623113,63.92636351,64.52232375,64.24214007,65.5179047,64.01474208
1228.433,63.61799827,64.23770254,64.00000383,64.59218858,64.31762511,65.58884754,64.09143566
1227.951,63.69714983,64.31762511,64.0781552,64.66659591,64.39912996,65.66440298,64.17117626
1227.469,63.77933695,64.40209571,64.1623113,64.74556126,64.4837076,65.74307296,64.25693408
1226.987,63.86751225,64.49113199,64.24953665,64.83059388,64.5728567,65.82638416,64.34576966
1226.505,63.96022753,64.58326545,64.34132497,64.91872773,64.66510692,65.91435399,64.43917921
1226.023,64.05455229,64.67999833,64.43472807,65.00847825,64.76047119,66.00244137,64.5342103
1225.541,64.15049325,64.77687609,64.53123846,65.10284984,64.85746949,66.09369013,64.6308697
1225.058,64.24953665,64.87688657,64.6308697,65.19735843,64.9576044,66.18811305,64.73065476
1224.576,64.35317817,64.98154008,64.73512635,65.29801811,65.06238811,66.28572336,64.83507238
1224.094,64.4599553,65.0893598,64.84403029,65.40184499,65.17184261,66.38959205,64.94414446
1223.612,64.57434356,65.20336361,64.95910012,65.51036211,65.28749416,66.49821687,65.05939195
1223.13,64.69191392,65.32057514,65.07587256,65.62208122,65.40636295,66.61008686,65.17784543
1222.648,64.81119065,65.43950416,65.19585722,65.73550445,65.52695696,66.72214505,65.29651458
1222.166,64.92919224,65.5556307,65.31305526,65.8476075,65.64626174,66.83285286,65.41389357
1221.684,65.04141786,65.67045117,65.42443789,65.95534555,65.76124095,66.9391202,65.52846579
1221.202,65.14933694,65.77789936,65.53299249,66.0571755,65.87035439,67.04092533,65.63568166
1220.719,65.25142493,65.88248928,65.63417036,66.15459271,65.9735722,67.13670149,65.73853175
1220.237,65.34915857,65.98268742,65.73247728,66.24910264,66.07390887,67.22951837,65.83699498
1219.755,65.44402472,66.07847325,65.82789989,66.34069241,66.16982712,67.31936333,65.93256931
1219.273,65.53601047,66.17439813,65.91890735,66.43087916,66.26435881,67.40777622,66.02676205
1218.791,65.62510329,66.26588462,66.0085207,66.51965682,66.35596967,67.49319697,66.11652203
1218.309,65.71129105,66.35291394,66.09369013,66.60395213,66.4431173,67.57561393,66.20487959
1217.827,65.7915321,66.43699795,66.17439813,66.68528322,66.52731562,67.65501583,66.288776
1217.345,65.86883769,66.51506196,66.2506281,66.7621017,66.60701943,67.72827274,66.36819402
1216.863,65.94167886,66.58861777,66.32389148,66.83593069,66.68067692,67.79848666,66.4431173
1216.38,66.01156057,66.65765021,66.39264947,66.90367899,66.75134179,67.86564797,66.51506196
1215.898,66.07999478,66.7236814,66.45841816,66.9699539,66.81900434,67.92974745,66.58401815
1215.416,66.14393071,66.7867023,66.52272023,67.03166392,66.88211527,67.98921079,66.64844175
1214.934,66.20487959,66.84362591,66.58095191,67.08725156,66.94220293,68.0455925,66.70985551
1214.452,66.2613073,66.89751722,66.63616578,67.13979332,66.99771638,68.09574882,66.76517628
1213.97,66.31167529,66.9452858,66.68528322,67.18618787,67.04864415,68.14123492,66.81438881
1213.488,66.35596967,66.98846094,66.72982717,67.22642241,67.09343081,68.18204139,66.85747952
1213.006,66.39570704,67.0270337,66.76671362,67.26048584,67.13515563,68.21658903,66.89597686
1212.523,66.42934955,67.0609961,66.80054412,67.29146757,67.17226614,68.24801117,66.92833176
1212.041,66.45841816,67.09034111,66.82823637,67.31781326,67.20475466,68.27473136,66.95761872
1211.559,66.48137605,67.11660806,66.85132201,67.34106803,67.23261448,68.29674408,66.98229136
1211.077,66.49974807,67.13670149,66.86979626,67.35812663,67.2542912,68.31404477,67.00080181
1210.595,66.5119989,67.14906967,66.8790353,67.36743314,67.26822993,68.32348335,67.01160193
1210.113,66.51353042,67.15216207,66.8790353,67.37053559,67.27287682,68.32505658,67.01314495
1209.631,66.50740458,67.14752352,66.87133601,67.36433082,67.26668104,68.3187639,67.00697309
1209.149,66.4936235,67.1336098,66.8544007,67.35037218,67.2511941,68.30303473,66.99000343
1208.667,66.47066138,67.11042668,66.83131399,67.32866449,67.22797037,68.27944777,66.96686989
1208.184,66.43852773,67.0795283,66.799006,67.29766563,67.19701787,68.24801117,66.93449637
1207.702,66.39876474,67.04092533,66.75902726,67.26048584,67.15680093,68.20716521,66.89289626
1207.22,66.35138613,66.9930885,66.70985551,67.21249234,67.11042668,68.15849622,66.84362591
1206.738,66.29182878,66.93449637,66.6499764,67.15525461,67.05327586,68.09888482,66.78362673
1206.256,66.22165037,66.86363761,66.57788582,67.08570684,66.98537608,68.0283598,66.71139158
1205.774,66.13936181,66.782089,66.4936235,67.00543022,66.90676009,67.94695518,66.62696029
1205.292,66.04348771,66.68835426,66.39723587,66.911382,66.81592728,67.8531478,66.53037939
1204.81,65.93560569,66.58248501,66.28724966,66.80669696,66.71292768,67.74854928,66.42170203
1204.327,65.81425961,66.46453949,66.16373294,66.69142544,66.59781796,67.63165265,66.30098797
1203.845,65.68254923,66.33305509,66.02980276,66.56409013,66.47066138,67.50407647,66.16830352
1203.363,65.53601047,66.18811305,65.88248928,66.42476093,66.33000041,67.36277972,66.02068104
1202.881,65.37474381,66.02980276,65.72037003,66.27198822,66.17592187,67.20784963,65.86125469
1202.399,65.19885967,65.85670532,65.54506523,66.10586616,66.00700082,67.03938167,65.68557409
1201.917,65.00997515,65.66893907,65.35517772,65.92649698,65.82335282,66.85594009,65.49678763
1201.435,64.80671381,65.46813963,65.15083707,65.73247728,65.62510329,66.65918508,65.29350764
1200.953,64.59218858,65.25593249,64.93517271,65.52695696,65.41690606,66.45076729,65.07886948
1200.471,64.36651563,65.03393012,64.70979143,65.31004756,65.19735843,66.23079986,64.85298945
1199.988,64.12981691,64.80372942,64.47331489,65.08336513,64.96657925,66.00244137,64.6159896
1199.506,63.88369095,64.56244962,64.22587061,64.8455234,64.72618348,65.76426944,64.36947989
1199.024,63.62678803,64.3102207,63.96906457,64.5966506,64.47331489,65.51488756,64.11062341
1198.542,63.35778707,64.04717816,63.70155003,64.33836201,64.20960526,65.25743508,63.84104687
1198.06,63.07975531,63.77493138,63.4249305,64.06930309,63.93666805,64.98902178,63.56235799
1197.578,62.79426768,63.49360707,63.13933449,63.79255548,63.65316459,64.71575169,63.27322926
1197.096,62.5028758,63.20624642,62.85068278,63.51115342,63.36508182,64.43769546,62.98106497
1196.614,62.20997116,62.9158401,62.5590291,63.22662499,63.07394572,64.15787927,62.68591941
1196.131,61.91701343,62.62532605,62.26586131,62.94047266,62.77981043,63.87780731,62.39072036
1195.649,61.62259741,62.33328284,61.97264039,62.65273007,62.485608,63.59749356,62.09405185
1195.167,61.32816919,62.04117295,61.67938006,62.36343094,62.18992027,63.31695196,61.80021699
1194.685,61.03233701,61.74901013,61.38468054,62.07260903,61.89420657,63.0361964,61.50494012
1194.203,60.73793186,61.45680804,61.0899824,61.78172073,61.59989899,62.75668576,61.21248351
1193.721,60.4477305,61.16880554,60.79949891,61.49502749,61.3098142,62.47985313,60.92422313
1193.239,60.16307148,60.88635843,60.51597015,61.21389299,61.02671598,62.20997116,60.64150904
1192.757,59.88802623,60.61358902,60.24069865,60.94386594,60.75331778,61.9483866,60.3684465
1192.275,59.62384785,60.35176838,59.97772657,60.68481048,60.49089358,61.69784569,60.10630074
1191.792,59.36903639,60.09938114,59.72415309,60.43798826,60.23792453,61.45680804,59.85356183
1191.31,59.12484293,59.85769651,59.48123813,60.20048637,59.99568276,61.22517005,59.61149312
1190.828,58.88978924,59.62384785,59.24613175,59.97220267,59.76129502,61.00002317,59.37723909
1190.346,58.66242338,59.3991185,59.01874904,59.75166341,59.53467676,60.78270171,59.1520772
1189.864,58.44535488,59.18341211,58.80171597,59.54016036,59.31847809,60.57452259,58.93591086
1189.382,58.23713479,58.97799441,58.59492463,59.33896951,59.1125916,60.37400689,58.72864759
1188.9,58.04034697,58.78276359,58.39692781,59.14526745,58.91555864,60.18246889,58.53289438
1188.418,57.85088405,58.59492463,58.20630089,58.95898522,58.7259431,59.99844572,58.34451043
1187.936,57.66469509,58.41037575,58.020304,58.77599637,58.54098156,59.81911727,58.15941105
1187.453,57.47910537,58.22506741,57.83356978,58.59357545,58.35525887,59.64032481,57.973564
1186.971,57.28883622,58.03633782,57.64345455,58.40634104,58.16610729,59.45795938,57.78431908
1186.489,57.09130891,57.8402285,57.44470453,58.21300252,57.96955947,59.27069231,57.58906135
1186.007,56.88791281,57.63814563,57.24004941,58.01228876,57.76702474,59.07721313,57.38653463
1185.525,56.67871559,57.43015653,57.02955726,57.80694257,57.55857057,58.87758661,57.17945347
1185.043,56.46378665,57.21501287,56.81198975,57.59436575,57.34426624,58.67458141,56.96656068
1184.561,56.24190209,56.99411312,56.58743387,57.37596461,57.12286745,58.4628523,56.74662016
1184.079,56.00928131,56.76360902,56.35338395,57.1465478,56.89053265,58.24249888,56.51581567
1183.596,55.76349686,56.51841838,56.10608948,56.90363369,56.64479377,58.00828155,56.2729911
1183.114,55.50217469,56.25873984,55.84444768,56.64609808,56.3832363,57.75904448,56.01315043
1182.632,55.2230005,55.98091594,55.56483128,56.37025507,56.10350576,57.49234195,55.73525597
1182.15,54.92878592,55.68779218,55.27134079,56.07896634,55.80845504,57.21106074,55.44214189
1181.668,54.62104441,55.38217403,54.96421124,55.77376982,55.50089672,56.91673775,55.13660231
1181.186,54.30377235,55.06555236,54.64620412,55.46001721,55.18232568,56.61349935,54.82012229
1180.704,53.9783991,54.7406563,54.32128064,55.1391415,54.85674063,56.30280086,54.49667431
1180.222,53.64632793,54.4089068,53.98958634,54.81254913,54.52428761,55.98607222,54.16640343
1179.74,53.30647931,54.07045199,53.65003381,54.47910949,54.18636274,55.66343459,53.83069662
1179.257,52.96268573,53.72667944,53.3052519,54.14021798,53.84433282,55.33628507,53.49091169
1178.775,52.61626304,53.38017583,52.95658853,53.79971809,53.4995341,55.00725841,53.14837615
1178.293,52.27210626,53.03590695,52.61141713,53.46135969,53.15816734,54.67892907,52.80925004
1177.811,51.93498374,52.6987119,52.27210626,53.12879917,52.82384379,54.35631415,52.47591259
1177.329,51.60716475,52.37210139,51.94215932,52.80560223,52.49887536,54.04431293,52.15068293
1176.847,51.29086224,52.05470624,51.62261495,52.49162288,52.18431656,53.7402893,51.83582321
1176.365,50.98119369,51.74638317,51.31094344,52.18671979,51.88000389,53.44535917,51.5299831
1175.883,50.67806218,51.44462431,51.00585125,51.88836664,51.57984111,53.15694335,51.22830659
1175.4,50.37789304,51.14580282,50.70607565,51.59409512,51.28495751,52.87251876,50.93308711
1174.918,50.08296131,50.8522297,50.41038334,51.30503639,50.99528227,52.59203794,50.64190101
1174.436,49.79548882,50.56732731,50.12333968,51.02464596,50.71424916,52.32027283,50.35933656
1173.954,49.51878725,50.29444268,49.84940741,50.75630518,50.4440561,52.06069961,50.09103438
1173.472,49.25836585,50.03685444,49.5895309,50.50332828,50.18916843,51.81553659,49.83678294
1172.99,49.01398347,49.79434225,49.34577793,50.2654992,49.94821817,51.58459201,49.59752443
1172.508,48.78316798,49.56669933,49.11453086,50.04031098,49.72101664,51.36650297,49.37305496
1172.026,48.56238414,49.34805044,48.89337312,49.82530892,49.50282686,51.15875889,49.15639213
1171.544,48.35039206,49.13602273,48.67993616,49.6158002,49.29126909,50.95772139,48.94744195
1171.061,48.14486796,48.93053902,48.47077905,49.41286097,49.08513615,50.76214905,48.74386923
1170.579,47.94684114,48.73264683,48.27030023,49.217551,48.88661872,50.57431393,48.54784984
1170.097,47.76062485,48.54561418,48.07950635,49.03204422,48.69899514,50.39529595,48.36375361
1169.615,47.58608763,48.37043577,47.90159781,48.85848542,48.52326325,50.22847585,48.19034106
1169.133,47.42310656,48.20698829,47.73533778,48.69675252,48.36152643,50.07258356,48.02971394
1168.651,47.26939023,48.05294398,47.57951382,48.54337863,48.20920836,49.92522146,47.87844093
1168.169,47.12051192,47.907113,47.43075087,48.39717365,48.06400985,49.7840243,47.73313953
1167.687,46.976429,47.76502397,47.28680813,48.25474223,47.92255892,49.64665583,47.59266234
1167.204,46.83710031,47.62774284,47.14764448,48.11716153,47.78812599,49.51536674,47.45696932
1166.722,46.70678777,47.50069894,47.01646793,47.98991713,47.66065428,49.3923853,47.33038095
1166.24,46.58970923,47.38490344,46.89861312,47.87403137,47.54665841,49.28219014,47.21500065
1165.758,46.48683727,47.28354178,46.79505909,47.77382342,47.44604321,49.1858295,47.11400243
1165.276,46.40021576,47.19652245,46.70463689,47.68809786,47.3598153,49.10322312,47.02837797
1164.794,46.32442101,47.12051192,46.62619761,47.61239194,47.28571932,49.03204422,46.95371937
1164.312,46.2562051,47.05112371,46.5532494,47.54337411,47.21826226,48.96773317,46.88565634
1163.83,46.19234392,46.98616506,46.48362619,47.47882909,47.15415861,48.90575862,46.82308237
1163.348,46.13175746,46.92453741,46.41838219,47.41546347,47.09447936,48.84723663,46.76382213
1162.865,46.07761588,46.86838621,46.35856669,47.35872481,47.04137419,48.79440201,46.713241
1162.383,46.03413638,46.82308237,46.31055652,47.31076821,46.99914961,48.75060391,46.67238561
1161.901,46.0023481,46.79182671,46.27538067,47.27700977,46.9688579,48.71918336,46.64445252
1161.419,45.98434449,46.77351413,46.25300995,47.25633102,46.95371937,48.70011649,46.63049224
1160.937,45.97693329,46.76597574,46.24236102,47.24762688,46.94831394,48.69226759,46.62619761
1160.455,45.97799196,46.76705258,46.23916682,47.24653898,46.95155712,48.69114642,46.62941855
1159.973,45.98222688,46.77351413,46.24129627,47.25089075,46.95912543,48.69451,46.63693493
1159.491,45.99175689,46.78428537,46.2466203,47.25959548,46.97102095,48.70235926,46.64874883
1159.009,46.00764463,46.80260217,46.25940048,47.2737441,46.98941086,48.71581808,46.66593803
1158.526,46.03307642,46.82847339,46.28070862,47.29660851,47.01646793,48.73713548,46.69173371
1158.044,46.06806808,46.86406967,46.31162287,47.32820135,47.05112371,48.76744468,46.72722605
1157.562,46.11051789,46.90725296,46.35002791,47.36744942,47.09339498,48.80563863,46.76920633
1157.08,46.15513228,46.95155712,46.39060111,47.40782162,47.13570423,48.8438625,46.8123022
1156.598,46.1944712,46.98941086,46.42693356,47.44276586,47.17262022,48.87873976,46.84896492
1156.116,46.22213482,47.01646793,46.45152752,47.46680497,47.19652245,48.90125444,46.87378244
1155.634,46.23490824,47.02837797,46.46329446,47.47664266,47.2073911,48.91138943,46.88457677
1155.152,46.23277909,47.0240467,46.45901523,47.4722701,47.20086961,48.90575862,46.87809988
1154.669,46.21362118,47.00564323,46.43976357,47.45259857,47.18022417,48.88661872,46.85867456
1154.187,46.17958226,46.97102095,46.40448957,47.41764708,47.14438774,48.85173584,46.82308237
1153.705,46.12750876,46.918055,46.35216246,47.36526811,47.08905772,48.80114368,46.76920633
1153.223,46.05215948,46.84357154,46.27751178,47.2911636,47.01322026,48.72928062,46.69388399
1152.741,45.95047446,46.74229156,46.1763924,47.19108906,46.91049331,48.63176144,46.59185482
1152.259,45.81946353,46.6133161,46.04791812,47.06195888,46.77889944,48.5065068,46.46115479
1151.777,45.66148169,46.45794548,45.89126191,46.90725296,46.62082988,48.35595892,46.30309274
1151.295,45.483094,46.27964298,45.71408169,46.72937797,46.44190225,48.18257432,46.12219844
1150.813,45.28975799,46.08822687,45.52186013,46.53824483,46.24875008,47.99654764,45.9282608
1150.33,45.08893735,45.88914859,45.32209742,46.34042367,46.04791812,47.80243284,45.72566182
1149.848,44.88590645,45.68672213,45.12113338,46.13919362,45.84584692,47.6058145,45.52186013
1149.366,44.68173207,45.4841413,44.91795751,45.93883739,45.64256051,47.40891323,45.31687982
1148.884,44.47848642,45.28141608,44.71569652,45.7393512,45.44122181,47.21282637,45.11282253
1148.402,44.27820432,45.08167045,44.51537128,45.54177989,45.24181297,47.01971582,44.91071818
1147.92,44.08288407,44.88694,44.32002534,45.35132708,45.04950258,46.8317083,44.71569652
1147.438,43.90055392,44.70540154,44.13671435,45.17311092,44.86937292,46.65626833,44.53382519
1146.956,43.73810874,44.54202938,43.9723828,45.01217514,44.70848978,46.49861315,44.37108004
1146.473,43.59834463,44.40174108,43.83187006,44.87453899,44.57178223,46.36390422,44.23336713
1145.991,43.48405136,44.28738116,43.71495141,44.75999198,44.45903173,46.25407497,44.12045677
1145.509,43.39103406,44.19468065,43.62144019,44.66630221,44.36903672,46.16576112,44.02911945
1145.027,43.31516768,44.12045677,43.54416831,44.5892328,44.29655991,46.09459463,43.95618575
1144.545,43.25337495,44.06157326,43.48204889,44.52562251,44.23845998,46.03625638,43.89752148
1144.063,43.20261153,44.01492843,43.43301721,44.47438999,44.19162789,45.9906979,43.85105032
1143.581,43.1668144,43.98250898,43.39702917,44.43651588,44.1600951,45.95682319,43.81774262
1143.099,43.14693992,43.96732058,43.37904633,44.41503411,44.14586186,45.93883739,43.80059398
1142.617,43.14693992,43.97137031,43.3780475,44.41298877,44.14891146,45.93777962,43.80160254
1142.134,43.16283877,43.9906116,43.39303234,44.42833112,44.17026451,45.95153252,43.81976054
1141.652,43.19167037,44.02202337,43.42001808,44.45596072,44.20384018,45.97693329,43.84903095
1141.17,43.22748811,44.06055872,43.45502459,44.49077798,44.24457217,46.008704,43.88640433
1140.688,43.26831672,44.10217416,43.49306361,44.530749,44.29044053,46.04473735,43.92785529
1140.206,43.31217568,44.14687837,43.53514547,44.57383489,44.3394192,46.08398218,43.9723828
1139.724,43.36306784,44.19875131,43.58328889,44.62312695,44.39560718,46.13069525,44.02506441
1139.242,43.4260172,44.26087548,43.64253813,44.68378978,44.46210296,46.18915317,44.08795959
1138.76,43.50307941,44.33737734,43.7169646,44.75690017,44.54305501,46.26046565,44.16619647
1138.277,43.59533307,44.42833112,43.80462835,44.84458404,44.63854189,46.34789346,44.25985635
1137.795,43.69985541,44.530749,43.90459749,44.94382181,44.74556538,46.4461799,44.36495037
1137.313,43.81168939,44.64162552,44.01188809,45.05053989,44.86007548,46.55432134,44.47951059
1136.831,43.92987829,44.75896135,44.12655266,45.16479049,44.98109257,46.66808713,44.59950104
1136.349,44.05447195,44.88280595,44.24660976,45.28454411,45.10866767,46.78967192,44.72702374
1135.867,44.18857535,45.0163211,44.37823239,45.41507126,45.24598008,46.92129609,44.86524049
1135.385,44.33737734,45.16583046,44.52459728,45.55961023,45.39834281,47.06846117,45.01839423
1134.903,44.50307293,45.33149061,44.68893449,45.71934502,45.5680034,47.23131095,45.18871586
1134.421,44.6858476,45.51452346,44.86937292,45.89548884,45.75304469,47.41109655,45.37639608
1133.938,44.8817725,45.71092398,45.06402716,46.08292107,45.95153252,47.60252612,45.57639811
1133.456,45.08686097,45.91557211,45.26577913,46.27644621,46.15619505,47.80133216,45.78571494
1132.974,45.29601543,46.12538456,45.47366939,46.47506437,46.36603941,48.00428439,45.99811133
1132.492,45.50928371,46.33722269,45.68461823,46.67560974,46.57898279,48.21031843,46.2146853
1132.01,45.72776761,46.55432134,45.90077306,46.88241771,46.7961366,48.42058142,46.4344173
1131.528,45.9525906,46.77889944,46.12538456,47.09664819,47.0207985,48.63848063,46.66164014
1131.046,46.18596265,47.01105527,46.35856669,47.31948398,47.25306678,48.86411078,46.89753325
1130.564,46.42586455,47.24980277,46.59829216,47.55103782,47.49194979,49.09530925,47.13896036
1130.082,46.66701257,47.49085626,46.84033581,47.78372474,47.73204045,49.32873745,47.38163032
1129.599,46.90401283,47.72764437,47.07930034,48.01423348,47.96892656,49.55871077,47.62006677
1129.117,47.1346189,47.95677832,47.31076821,48.2369678,48.19699927,49.78058546,47.85088782
1128.635,47.3554535,48.17813675,47.53242811,48.45069375,48.41612192,49.99424337,48.07286438
1128.153,47.56965481,48.39271631,47.74633051,48.65752338,48.6284022,50.19957034,48.28697508
1127.671,47.77822375,48.60153657,47.95567409,48.85848542,48.83486596,50.39993775,48.49645571
1127.189,47.98328754,48.80676244,48.16149948,49.05688861,49.03768957,50.59760962,48.70235926
1126.707,48.18368378,49.00608399,48.36152643,49.24815897,49.23455308,50.78903953,48.90350648
1126.225,48.37266337,49.19602347,48.55120352,49.4310687,49.421964,50.97180348,49.0941788
1125.742,48.546732,49.37078129,48.7270366,49.59980853,49.59524043,51.13991478,49.26970931
1125.26,48.70235926,49.52676938,48.88436746,49.74964659,49.75079214,51.28968124,49.42765424
1124.778,48.83711494,49.66380614,49.02301301,49.88155688,49.88730004,51.42093864,49.56555803
1124.296,48.95533198,49.782878,49.14394316,49.99654574,50.0080592,51.53591605,49.68668243
1123.814,49.06027746,49.88844875,49.25042698,50.09795519,50.1152614,51.63806977,49.79319571
1123.332,49.15299664,49.98273309,49.34577793,50.18801279,50.20997441,51.72851368,49.88730004
1122.85,49.23568676,50.06566626,49.42879237,50.26781406,50.29328462,51.80837851,49.97122547
1122.368,49.30602596,50.13603675,49.49940744,50.33615056,50.36281538,51.87642027,50.04146321
1121.886,49.36282431,50.19032409,49.55528749,50.38949431,50.41850919,51.93139632,50.09795519
1121.403,49.40375963,50.23078901,49.59638242,50.42895863,50.45799623,51.97206824,50.13950014
1120.921,49.4322069,50.25739801,49.62494061,50.45451084,50.48356315,52.000797,50.16721591
1120.439,49.45269909,50.27591693,49.64551269,50.47194022,50.50216541,52.02115615,50.18916843
1119.957,49.47092149,50.29212659,49.66151909,50.48705055,50.51844801,52.04032498,50.2076622
1119.475,49.49029015,50.3106583,49.67981844,50.50216541,50.53706312,52.05950088,50.22847585
1118.993,49.51422662,50.33151465,49.70041327,50.52193782,50.55917748,52.08228143,50.25276935
1118.511,49.53931533,50.35353906,49.72101664,50.54171797,50.58363092,52.10507196,50.27938999
1118.029,49.5632755,50.37557311,49.74162854,50.5626701,50.60809619,52.12787245,50.30486641
1117.546,49.58610549,50.39529595,49.75881166,50.58130151,50.63024163,52.14708061,50.32803799
1117.064,49.60780372,50.41386569,49.77485459,50.59877469,50.65123045,52.16509468,50.35006088
1116.582,49.63293985,50.43476482,49.79434225,50.61975047,50.67456158,52.18551816,50.37441318
1116.1,49.6649497,50.46380576,49.82186722,50.64656552,50.70490811,52.21196041,50.40574059
1115.618,49.70728011,50.50332828,49.86088699,50.68506409,50.74578791,52.24924268,50.44754077
1115.136,49.762249,50.55568509,49.91142852,50.73527281,50.79839608,52.29738818,50.49983975
1114.654,49.82760351,50.61858492,49.97352678,50.79488717,50.86159789,52.35642688,50.56383436
1114.172,49.89993731,50.68856541,50.04146321,50.86276903,50.93191434,52.42156714,50.63373916
1113.69,49.9758282,50.76214905,50.11410747,50.9342599,51.00702571,52.49041423,50.7084108
1113.207,50.05413954,50.83935125,50.19032409,51.00937473,51.08812926,52.56419285,50.78787009
1112.725,50.13719118,50.9225332,50.27128656,51.08930562,51.17289653,52.64171141,50.87213916
1112.243,50.2261628,51.01172385,50.35933656,51.17525319,51.26488648,52.72662824,50.96241499
1111.761,50.31992672,51.10577752,50.45218738,51.26606691,51.36177216,52.81776257,51.05872903
1111.279,50.41734827,51.20472051,50.54870105,51.35940692,51.46239572,52.91149103,51.15993688
1110.797,50.51146911,51.30031124,50.6430671,51.4481781,51.55846749,53.00416534,51.25780446
1110.315,50.59877469,51.38779702,50.72826396,51.52879659,51.64401517,53.08722203,51.34758234
1109.833,50.67222798,51.46239572,50.80073549,51.59528313,51.71660412,53.15939137,51.42449079
1109.35,50.73176827,51.52286446,50.85925568,51.64758273,51.77498718,53.2169524,51.48847157
1108.868,50.77968471,51.57034063,50.90494822,51.68922254,51.8203092,53.26353667,51.53947614
1108.386,50.81945462,51.6095414,50.94129721,51.72255856,51.85731181,53.30156983,51.58221651
1107.904,50.85340063,51.64163693,50.97297716,51.75234103,51.88956142,53.33471761,51.61904911
1107.422,50.88268262,51.6689933,50.99997932,51.77737156,51.91704913,53.36297087,51.64996125
1106.94,50.9037761,51.68922254,51.01877187,51.79525792,51.93737549,53.38509255,51.67375241
1106.458,50.91667086,51.7011258,51.02817074,51.80479983,51.94933589,53.39984544,51.68684222
1105.976,50.91784328,51.7011258,51.02699579,51.803607,51.9517283,53.40230465,51.69041275
1105.494,50.90846473,51.69160297,51.01524774,51.79287271,51.94335535,53.39615684,51.68208191
1105.011,50.89205642,51.67494226,50.99763074,51.77498718,51.92900485,53.38386333,51.66780359
1104.529,50.87331055,51.65709745,50.97649837,51.75472437,51.91226761,53.36788601,51.65115054
1104.047,50.85457158,51.6392588,50.95772139,51.73566074,51.89673073,53.35314195,51.63569181
1103.565,50.83701007,51.62261495,50.93895133,51.71779496,51.88119849,53.33840197,51.62142631
1103.083,50.81945462,51.60597647,50.91901572,51.69993535,51.86447666,53.32243825,51.60716475
1102.601,50.79722642,51.58459201,50.89557204,51.67851196,51.84298509,53.30279716,51.58934335
1102.119,50.76916259,51.55728032,50.86628263,51.65115054,51.81553659,53.2770292,51.56559105
1101.637,50.73527281,51.52523723,50.82998716,51.61786055,51.78094834,53.2463693,51.53710272
1101.155,50.69907083,51.49202839,50.79254804,51.58221651,51.74519167,53.21450173,51.50507216
1100.672,50.66406124,51.46002585,50.75630518,51.547784,51.71184107,53.18387781,51.47661727
1100.19,50.63373916,51.43396441,50.72592789,51.51693301,51.68327194,53.15816734,51.45054743
1099.708,50.60693091,51.41265123,50.69907083,51.49084275,51.66185546,53.13736321,51.42922738
1099.226,50.5824662,51.3937136,50.67572842,51.46595074,51.64163693,53.11779029,51.41028365
1098.744,50.55568509,51.3724171,50.65006418,51.43751746,51.62142631,53.09577937,51.38779702
1098.262,50.52310114,51.34640003,50.61975047,51.4055488,51.59647117,53.06888952,51.36177216
1097.78,50.48705055,51.31685117,50.58712523,51.37005137,51.56915319,53.0383494,51.33221446
1097.298,50.44986402,51.2861384,50.55335697,51.33457845,51.5406629,53.00782686,51.30267376
1096.815,50.41734827,51.26016502,50.52426449,51.30503639,51.51693301,52.9822015,51.27905345
1096.333,50.39413557,51.2401037,50.50332828,51.28495751,51.50151444,52.96512481,51.2625257
1095.851,50.38021308,51.23066579,50.49286342,51.27433069,51.49439974,52.95780791,51.25662422
1095.369,50.37557311,51.22712703,50.48937562,51.27196947,51.49558545,52.95902732,51.25898473
1094.887,50.37557311,51.22948618,50.49053819,51.27551134,51.50151444,52.96634439,51.26606691
1094.405,50.38021308,51.23538453,50.49635147,51.28141499,51.51100225,52.97732188,51.27669201
1093.923,50.38949431,51.24718327,50.50681704,51.29204327,51.52405083,52.99318228,51.29204327
1093.441,50.40574059,51.26724737,50.52542787,51.30976198,51.54659708,53.0163714,51.314488
1092.959,50.43592613,51.30149249,50.55801332,51.3404889,51.5810288,53.05178489,51.34994704
1092.476,50.48240074,51.35231184,50.60693091,51.38779702,51.63212506,53.10311533,51.40199795
1091.994,50.54520939,51.42093864,50.67456158,51.45173214,51.69993535,53.16918459,51.46950601
1091.512,50.62324728,51.50388623,50.7574739,51.53116963,51.78214065,53.24759536,51.55253194
1091.03,50.71074606,51.59647117,50.85105879,51.61904911,51.87403133,53.33717382,51.64520433
1090.548,50.80658448,51.69636417,50.95302823,51.71541332,51.97326495,53.43182401,51.74400021
1090.066,50.90846473,51.80241419,51.05990471,51.8167297,52.07868384,53.53280499,51.85014796
1089.584,51.01759713,51.91585371,51.17525319,51.92541785,52.19152658,53.64138714,51.96369201
1089.102,51.13755976,52.03792849,51.29913002,52.04272158,52.31304502,53.75761591,52.08467997
1088.619,51.26724737,52.16989949,51.43396441,52.17230206,52.44571372,53.88526215,52.2155672
1088.137,51.40673247,52.31063597,51.57746583,52.31063597,52.58719425,54.02067419,52.35522134
1087.655,51.55134491,52.45658331,51.72613155,52.45295987,52.73269897,54.16141475,52.49766655
1087.173,51.69517383,52.60172664,51.87403133,52.59688206,52.87860629,54.30127163,52.64049931
1086.691,51.83701679,52.74362804,52.01995833,52.7387704,53.02003377,54.43772909,52.78007463
1086.209,51.9744617,52.88225914,52.16149137,52.87617119,53.15694335,54.5695032,52.91636458
1085.727,52.11107112,53.01759216,52.30100088,53.01148864,53.29175222,54.69907725,53.05056334
1085.245,52.24683657,53.15327152,52.43967603,53.14592863,53.4256728,54.82895896,53.18510243
1084.763,52.38536811,53.29175222,52.57992957,53.2831633,53.55992991,54.96041457,53.32243825
1084.28,52.52305756,53.42936344,52.72055821,53.41952229,53.6945244,55.09345392,53.46012871
1083.798,52.65868383,53.56609658,52.85669448,53.55376395,53.82697825,55.2230005,53.59570648
1083.316,52.78615151,53.6945244,52.98586151,53.67969011,53.95230453,55.34775375,53.72544236
1082.834,52.90296339,53.81458556,53.10556087,53.79600187,54.06671707,55.4625713,53.84433282
1082.352,53.00904742,53.92498091,53.21450173,53.90139436,54.17263992,55.5686697,53.95354685
1081.87,53.10800653,54.02689391,53.31507199,53.99828914,54.2700223,55.66599804,54.05426918
1081.388,53.19980005,54.12401429,53.41091278,54.09037595,54.36257252,55.75707722,54.1501919
1080.906,53.2892981,54.2175639,53.50322985,54.17887714,54.45277287,55.84573356,54.2412888
1080.423,53.37525956,54.30752365,53.59323836,54.26252513,54.54061114,55.92937935,54.3300369
1079.941,53.45643594,54.39011787,53.67598218,54.34004578,54.62355986,56.00670205,54.41141248
1079.459,53.52787467,54.46280436,53.7489519,54.4089068,54.69781777,56.07509267,54.4816184
1078.977,53.58830247,54.52303216,53.81210736,54.46656665,54.76082722,56.13064077,54.541867
1078.495,53.63891692,54.57327286,53.8629332,54.51298957,54.81254913,56.17589495,54.58961105
1078.013,53.67969011,54.61349875,53.90511787,54.55191491,54.85547752,56.21341891,54.62733325
1077.531,53.71554667,54.64746241,53.94236707,54.58584027,54.89085556,56.24449218,54.6600469
1077.049,53.7477143,54.67892907,53.97715621,54.61727145,54.92372702,56.2729911,54.68774299
1076.567,53.77618634,54.70663472,54.0082369,54.64494586,54.95029142,56.29761542,54.71167362
1076.084,53.79847932,54.72805325,54.03311434,54.66759899,54.97053959,56.31836005,54.73057363
1075.602,53.81210736,54.7406563,54.04804631,54.67892907,54.98193246,56.32873523,54.73813546
1075.12,53.81458556,54.74191677,54.05302455,54.68018812,54.98193246,56.33003227,54.73687508
1074.638,53.80715131,54.73309412,54.04680182,54.67011658,54.97180535,56.32095367,54.7242729
1074.156,53.79352453,54.7179729,54.03311434,54.65249586,54.95535276,56.3040973,54.70411545
1073.674,53.7774246,54.70033675,54.01569893,54.63236484,54.93511019,56.28465391,54.68144719
1073.192,53.7600916,54.68270629,53.99704579,54.61349875,54.91487508,56.26521724,54.65878832
1072.71,53.74400167,54.66508151,53.97964201,54.59463917,54.89591143,56.24449218,54.6373969
1072.228,53.72544236,54.64620412,53.95851638,54.57452947,54.87442721,56.22377476,54.61349875
1071.745,53.70194309,54.62355986,53.93367329,54.55065882,54.84916242,56.19918274,54.58584027
1071.263,53.67103866,54.59463917,53.90139436,54.51926597,54.81759779,56.1707212,54.55317103
1070.781,53.63521181,54.55945205,53.86417346,54.48412743,54.78100557,56.13710342,54.51424479
1070.299,53.59694058,54.52303216,53.82326014,54.44525046,54.74317726,56.10092215,54.47409201
1069.817,53.55869666,54.48914583,53.78485474,54.407654,54.70537507,56.06734615,54.4339688
1069.335,53.52540967,54.45904234,53.75018953,54.3750914,54.67263429,56.03637075,54.40013782
1068.853,53.49707041,54.4339688,53.72296826,54.34755366,54.64368763,56.01057099,54.37133543
1068.371,53.47120854,54.41266536,53.69823362,54.32253145,54.61852907,55.98607222,54.34630227
1067.888,53.44658981,54.39137027,53.67474625,54.29877102,54.5933821,55.96287274,54.32253145
1067.406,53.41952229,54.36757973,53.65003381,54.27377127,54.56699024,55.93710682,54.29752076
1066.924,53.39123909,54.34254829,53.62409799,54.24628483,54.53935531,55.91135276,54.27252158
1066.442,53.36542838,54.31877911,53.59940887,54.22006077,54.51298957,55.88561056,54.24878302
1065.96,53.34331485,54.30002131,53.57843205,54.19884105,54.49290994,55.86631168,54.22880072
1065.478,53.32980553,54.28876973,53.56486319,54.18386743,54.48036393,55.85344947,54.21631551
1064.996,53.32366606,54.28376978,53.55746344,54.17638217,54.47534633,55.84701947,54.21007399
1064.514,53.32366606,54.28501973,53.55499708,54.17388731,54.47534633,55.84701947,54.21007399
1064.032,53.32612176,54.29001979,53.55499708,54.17388731,54.47785507,55.84830541,54.21132223
1063.549,53.32857758,54.29377015,53.55499708,54.17388731,54.48036393,55.85087738,54.21257051
1063.067,53.33226151,54.29752076,53.55499708,54.17388731,54.48412743,55.85344947,54.21381881
1062.585,53.33840197,54.30252197,53.55746344,54.17762964,54.48914583,55.858594,54.21881232
1062.103,53.35068501,54.31377639,53.56486319,54.18636274,54.49918403,55.86888448,54.22755207
1061.621,53.37157266,54.33128791,53.57966575,54.2025851,54.51801063,55.88561056,54.24503578
1061.139,53.39861588,54.35506257,53.60064305,54.22505485,54.5443788,55.90749067,54.2687727
1060.657,53.43182401,54.38135193,53.62409799,54.25253053,54.57452947,55.93453088,54.29752076
1060.175,53.46505279,54.4089068,53.64879849,54.28002012,54.6072115,55.96287274,54.32878592
1059.692,53.49707041,54.4339688,53.66980286,54.30502275,54.6399131,55.98865053,54.35756577
1059.21,53.52664216,54.45778839,53.68957918,54.32753497,54.67011658,56.01444019,54.38636087
1058.728,53.55746344,54.48036393,53.70812611,54.35130798,54.70159629,56.04153213,54.41517122
1058.246,53.5895364,54.50796897,53.73039088,54.37634345,54.73687508,56.07121928,54.44650412
1057.764,53.62656753,54.54061114,53.75761591,54.40640123,54.77596029,56.10608948,54.4828729
1057.282,53.66733133,54.57704278,53.78857019,54.44148965,54.81886002,56.14485958,54.52303216
1056.8,53.7093628,54.61727145,53.82078155,54.47785507,54.86179336,56.18236281,54.5644774
1056.318,53.7477143,54.65501276,53.85053223,54.51298957,54.90223192,56.21730213,54.6034395
1055.836,53.78113954,54.68648377,53.87285603,54.541867,54.93637514,56.24578728,54.63613884
1055.353,53.80962928,54.71167362,53.88898454,54.5644774,54.96294565,56.26780841,54.66256415
1054.871,53.83193613,54.73057363,53.90015325,54.58206974,54.98573061,56.28335792,54.68270629
1054.389,53.8517722,54.74695892,53.90635909,54.59715341,55.00345877,56.29502288,54.70033675
1053.907,53.87037516,54.75956632,53.91256565,54.60972631,55.01992575,56.30669026,54.71671299
1053.425,53.88650292,54.76965434,53.91504847,54.62104441,55.03386321,56.31706329,54.73057363
1052.943,53.89767112,54.77469904,53.91380705,54.62607542,55.04273433,56.32225052,54.73939587
1052.461,53.90015325,54.76965434,53.9026355,54.62355986,55.04146694,56.32095367,54.73939587
1051.979,53.89270719,54.75326226,53.88154001,54.61098376,55.02879463,56.30928334,54.72931343
1051.496,53.87285603,54.72553299,53.84929229,54.58584027,55.00472529,56.28724598,54.70789441
1051.014,53.84309302,54.68900223,53.80715131,54.55191491,54.97180535,56.25744445,54.67641107
1050.532,53.80591237,54.64494586,53.75885374,54.51298957,54.9325804,56.2198911,54.6399131
1050.05,53.76504331,54.59841057,53.70565282,54.46907499,54.8883278,56.17718846,54.59841057
1049.568,53.71802042,54.54689072,53.64756319,54.42018327,54.84032249,56.13064077,54.55317103
1049.086,53.66362425,54.48914583,53.58336703,54.36507606,54.78352839,56.07767509,54.50043893
1048.604,53.59817471,54.42018327,53.5081579,54.30002131,54.7179729,56.01444019,54.43772909
1048.122,53.52048003,54.34004578,53.42075234,54.22130925,54.6399131,55.93839483,54.36382428
1047.64,53.43059371,54.24753391,53.31998272,54.13149231,54.54814672,55.85216341,54.27752049
1047.157,53.33103351,54.14395798,53.20960072,54.03062609,54.44650412,55.75579338,54.18012467
1046.675,53.2243051,54.03311434,53.09333427,53.92373925,54.33879457,55.65318195,54.07667744
1046.193,53.11289819,53.91628993,52.97122299,53.81210736,54.22505485,55.54564318,53.96845682
1045.711,52.99562276,53.79600187,52.84452518,53.6945244,54.10656958,55.4332064,53.8530122
1045.229,52.87251876,53.66733133,52.71084762,53.57103043,53.98212792,55.3146285,53.73162808
1044.747,52.7387704,53.52787467,52.56782398,53.43674549,53.8468125,55.18613767,53.59817471
1044.265,52.59324893,53.37648859,52.41311846,53.29052515,53.69947008,55.0452692,53.45151265
1043.783,52.43484638,53.21327643,52.24563355,53.1312459,53.53896854,54.89338344,53.29297933
1043.301,52.26729205,53.04079196,52.07029043,52.96146623,53.36911486,54.73057363,53.12268284
1042.818,52.0930757,52.86156299,51.88717188,52.78615151,53.19245073,54.56196467,52.94683446
1042.336,51.91585371,52.67808758,51.70231627,52.60536036,53.01148864,54.38886551,52.76792297
1041.854,51.73446949,52.49162288,51.51337447,52.42156714,52.82627648,54.21381881,52.5859834
1041.372,51.54659708,52.29859238,51.31921446,52.23240223,52.63565116,54.03311434,52.39863818
1040.89,51.34876467,52.09667429,51.1163694,52.03313584,52.43484638,53.84433282,52.20234349
1040.408,51.13873726,51.88239311,50.90143195,51.82269567,52.22278155,53.64632793,51.99720504
1039.926,50.91784328,51.65828691,50.67456158,51.60241177,51.99959965,53.43797593,51.77975605
1039.444,50.68739828,51.42449079,50.43824885,51.37478294,51.7690267,53.22307958,51.55490608
1038.961,50.45334909,51.18703808,50.19841446,51.14344752,51.53354278,53.00416534,51.32630496
1038.479,50.21922428,50.9483355,49.95741982,50.91315379,51.29676766,52.78372068,51.09636435
1037.997,49.98503494,50.71074606,49.71643737,50.68389704,51.06225616,52.56419285,50.86745388
1037.515,49.7530833,50.47310239,49.47661737,50.45451084,50.82647607,52.34316749,50.63723694
1037.033,49.52106773,50.23425895,49.23568676,50.22500631,50.58945491,52.12187136,50.40690124
1036.551,49.28786429,49.99309222,48.99480122,49.99424337,50.35237964,51.89792571,50.17530256
1036.069,49.0580182,49.75537456,48.75621685,49.76568657,50.11641536,51.67732203,49.94591802
1035.587,48.83823947,49.525629,48.52661523,49.54501908,49.88844875,51.4635807,49.72330643
1035.105,48.63400107,49.31170285,48.31255437,49.33896103,49.6763868,51.26488648,49.51650688
1034.622,48.45180939,49.12131675,48.12048546,49.15526027,49.4868716,51.08695292,49.3298733
1034.14,48.29475864,48.95758651,47.9534657,48.99592938,49.32078724,50.9342599,49.16997642
1033.658,48.16371745,48.82025011,47.81123918,48.86298566,49.18243198,50.80658448,49.03543135
1033.176,48.05737002,48.7090882,47.69468667,48.75509421,49.06931553,50.7037406,48.92603256
1032.694,47.97665886,48.62504318,47.60362222,48.67209051,48.98126533,50.62557862,48.8438625
1032.212,47.92366239,48.5702121,47.5422794,48.61720638,48.92265299,50.57431393,48.792155
1031.73,47.90600991,48.5500856,47.51491974,48.59594143,48.8990025,50.55452102,48.77305956
1031.248,47.92697295,48.56797541,47.52695605,48.61272878,48.91364193,50.5708205,48.79440201
1030.765,47.99102215,48.62952192,47.58389626,48.67209051,48.97224347,50.62791007,48.85736042
1030.283,48.09722276,48.73376896,47.68150996,48.77193654,49.0715753,50.72242399,48.96209588
1029.801,48.24141079,48.87536346,47.81784501,48.90913702,49.20961871,50.85340063,49.10209249
1029.319,48.41500711,49.04785283,47.98439241,49.07609517,49.37873957,51.01172385,49.27311286
1028.837,48.61272878,49.24475714,48.17480884,49.266306,49.5735477,51.1917528,49.46636526
1028.355,48.82811964,49.46067056,48.38380287,49.47775662,49.78860979,51.39134689,49.67981844
1027.873,49.06140712,49.69469163,48.61160944,49.70613557,50.02187884,51.60597647,49.91027928
1027.391,49.30829663,49.94361798,48.85511051,49.95051842,50.27128656,51.83701679,50.15566581
1026.909,49.56898201,50.2041941,49.1122691,50.20881829,50.53589948,52.07868384,50.41386569
1026.426,49.83563542,50.47194022,49.37760259,50.47310239,50.80658448,52.32750164,50.68039604
1025.944,50.10372327,50.7387776,49.64208342,50.73760931,51.07871934,52.5762976,50.94598929
1025.462,50.36165574,50.99763074,49.89878833,50.99175976,51.3404889,52.81654641,51.20354149
1024.98,50.60576565,51.24128356,50.14065466,51.23184544,51.58815547,53.04323464,51.44580888
1024.498,50.83349849,51.4671358,50.36397504,51.45291687,51.81553659,53.25372607,51.6713728
1024.016,51.04227229,51.67613213,50.5708205,51.65709745,52.0259477,53.44782047,51.87880933
1023.534,51.23656428,51.86925378,50.76098023,51.84417883,52.21917425,53.62656753,52.07029043
1023.052,51.41501893,52.04871357,50.93660556,52.01756278,52.39743167,53.7910473,52.24683657
1022.569,51.57746583,52.21196041,51.09636435,52.17470473,52.55814152,53.94112501,52.40708452
1022.087,51.72136762,52.35763244,51.23774406,52.31545418,52.70113882,54.07294209,52.54846085
1021.605,51.84179137,52.47953763,51.35585926,52.43363904,52.82262749,54.18386743,52.66838481
1021.123,51.93857141,52.57750823,51.44936275,52.52789533,52.91880153,54.27127192,52.76427802
1020.641,52.01157438,52.65019694,51.51930551,52.5993043,52.99318228,54.33629224,52.83722494
1020.159,52.06309715,52.70235232,51.56796578,52.65140927,53.04689886,54.38135193,52.89078344
1019.677,52.09907349,52.73755605,51.60003545,52.68779214,53.08355502,54.41266536,52.92855043
1019.195,52.12187136,52.75941847,51.61904911,52.71206135,53.1092294,54.43146208,52.95414984
1018.713,52.13147344,52.76913801,51.62736979,52.72298614,53.12145966,54.43898258,52.96634439
1018.23,52.12907276,52.76306309,51.62142631,52.72055821,53.11901339,54.4352222,52.96512481
1017.748,52.10987123,52.74241359,51.59884733,52.70113882,53.1018926,54.41642419,52.94805362
1017.266,52.07268841,52.70235232,51.55846749,52.66474673,53.06522378,54.38009976,52.91149103
1016.784,52.01876054,52.64413571,51.50151444,52.61020572,53.01148864,54.32878592,52.85791156
1016.302,51.9517283,52.57266588,51.42922738,52.54362118,52.94317715,54.26377459,52.79101352
1015.82,51.87403133,52.49041423,51.34640003,52.46624706,52.86521466,54.19010593,52.71448889
1015.338,51.78929511,52.39984472,51.25780446,52.3841619,52.78007463,54.11030726,52.63080346
1014.856,51.69993535,52.30340948,51.1611149,52.296184,52.68900533,54.02440594,52.54362118
1014.374,51.6012236,52.19993954,51.05755337,52.2011415,52.59082697,53.93118961,52.44812899
1013.891,51.49439974,52.08587928,50.94481623,52.09787387,52.48195445,53.83069662,52.34437275
1013.409,51.37714889,51.96249551,50.82062479,51.98403663,52.36366069,53.71925734,52.23119955
1012.927,51.25308366,51.83104917,50.68856541,51.86328245,52.23480767,53.59940887,52.10987123
1012.445,51.12460905,51.69636417,50.55219295,51.73685201,52.10267249,53.47736499,51.98403663
1011.963,51.00115365,51.56321642,50.41967013,51.61310659,51.97087155,53.35559901,51.85969999
1011.481,50.88502591,51.43751746,50.29328462,51.4967712,51.8465664,53.2426913,51.74400021
1010.999,50.78202325,51.32394135,50.17876867,51.39134689,51.73327828,53.13981033,51.63688078
1010.517,50.69089976,51.22122962,50.07604258,51.29676766,51.63212506,53.04812033,51.54303649
1010.034,50.61392299,51.13167267,49.9861859,51.2153329,51.54303649,52.96878364,51.46002585
1009.552,50.54986499,51.05520214,49.90798088,51.14815823,51.46950601,52.90296339,51.39134689
1009.07,50.50332828,50.99763074,49.8482596,51.09754091,51.41383506,52.8542604,51.3404889
1008.588,50.47891366,50.96241499,49.80924972,51.06931116,51.38069802,52.82506012,51.31094344
1008.106,50.48240074,50.95654806,49.79892869,51.06813526,51.37478294,52.82384379,51.30976198
1007.624,50.5161216,50.98236759,49.82072005,51.09871748,51.40081439,52.85060948,51.33930675
1007.142,50.57897221,51.03992176,49.8723692,51.15875889,51.45647124,52.90418154,51.39844735
1006.66,50.66872779,51.12460905,49.95166859,51.24600327,51.53947614,52.98342147,51.48491499
1006.178,50.77968471,51.23066579,50.05183452,51.35349429,51.64163693,53.07988827,51.59171918
1005.695,50.90494822,51.35231184,50.16721591,51.47424674,51.7606832,53.19122594,51.71422254
1005.213,51.04109701,51.48610049,50.29328462,51.60597647,51.89075624,53.31138925,51.84776022
1004.731,51.18585947,51.62974737,50.43011982,51.74638317,52.03073968,53.4404369,51.99121898
1004.249,51.33812464,51.78094834,50.57431393,51.89553577,52.18071192,53.57843205,52.14347854
1003.767,51.49795697,51.93857141,50.72709591,52.05230909,52.33714161,53.72173126,52.30220517
1003.285,51.6594764,52.09907349,50.88151102,52.21196041,52.49887536,53.86913476,52.465039
1002.803,51.81792284,52.25766494,51.03522103,52.36848378,52.65747133,54.01321148,52.62474446
1002.321,51.96847826,52.40708452,51.17996682,52.51942952,52.80925004,54.1501919,52.77642884
1001.838,52.10747154,52.54483105,51.314488,52.65868383,52.95049202,54.27627072,52.91636458
1001.356,52.23360494,52.67081034,51.43633308,52.78615151,53.07988827,54.39262269,53.04323464
1000.874,52.35039947,52.78736697,51.54897094,52.90296339,53.20102503,54.49918403,53.15939137
1000.392,52.46262295,52.89809107,51.65590801,53.01515067,53.31507199,54.60092498,53.26966922
999.91,52.57024488,53.00538582,51.7606832,53.12390605,53.42690298,54.70159629,53.37648859
999.428,52.67808758,53.1104523,51.86208827,53.22920747,53.53527033,54.79992953,53.48105921
998.946,52.78128995,53.21205117,51.95890619,53.33226151,53.63891692,54.89591143,53.58089948
998.464,52.87860629,53.30647931,52.04991205,53.42690298,53.73533986,54.98573061,53.67351036
997.982,52.96878364,53.39246849,52.13147344,53.51555084,53.82202083,55.06682031,53.75885374
997.499,53.05056334,53.47120854,52.20594963,53.59570648,53.90015325,55.14168081,53.83689446
997.017,53.12757585,53.5451328,52.27330989,53.66980286,53.97342773,55.21155768,53.90884163
996.535,53.20225005,53.61792464,52.34075706,53.74400167,54.04306853,55.27770451,53.9783991
996.053,53.27825597,53.69205174,52.40829126,53.81830307,54.11404519,55.34520495,54.04929083
995.571,53.35559901,53.76628131,52.47953763,53.89394812,54.18761045,55.41533972,54.12027566
995.089,53.43182401,53.84061351,52.54967083,53.97094222,54.26002631,55.48428578,54.19260154
994.607,53.50692585,53.91256565,52.61989777,54.04431293,54.33253895,55.55075936,54.26377459
994.125,53.57843205,53.98088495,52.68657897,54.11529123,54.40139045,55.61603196,54.33128791
993.642,53.64756319,54.04680182,52.75091534,54.18386743,54.46907499,55.68009916,54.39763266
993.16,53.71802042,54.11279918,52.81776257,54.25377975,54.53684374,55.74552373,54.46656665
992.678,53.79352453,54.18386743,52.8895656,54.32753497,54.60972631,55.8161658,54.54061114
992.196,53.87657757,54.26377459,52.96878364,54.41015962,54.69152081,55.89590601,54.62355986
991.714,53.96845682,54.35381101,53.05789305,54.50169387,54.77974421,55.98349402,54.7154531
991.232,54.06920699,54.45151906,53.15449544,54.60092498,54.87569075,56.07896634,54.8150734
990.75,54.17388731,54.55442717,53.25617855,54.70411545,54.97686867,56.17848201,54.9186686
990.268,54.28251987,54.6600469,53.36174216,54.81128704,55.08076964,56.28206197,55.02752756
989.786,54.39387514,54.76965434,53.46874616,54.92119775,55.18867914,56.38842963,55.1391415
989.303,54.51298957,54.88580016,53.58336703,55.03766494,55.30189331,56.49890098,55.2573432
988.821,54.63865499,55.00979164,53.70565282,55.1619995,55.42554854,56.61871389,55.38472453
988.339,54.77596029,55.14549,53.8393738,55.29680005,55.55971381,56.7492335,55.52262621
987.857,54.92246237,55.29043414,53.98337092,55.44341851,55.70574669,56.89053265,55.67112531
987.375,55.07823314,55.44469516,54.13523171,55.59810636,55.86116644,57.04137687,55.82773393
986.893,55.23953321,55.60322737,54.29377015,55.75836109,56.02088946,57.19788892,55.98865053
986.411,55.40385704,55.76606492,54.45402671,55.92036533,56.18365648,57.35747176,56.15390979
985.929,55.57250838,55.93066719,54.61727145,56.08671447,56.34949133,57.52014869,56.32095367
985.447,55.74680733,56.0996304,54.78605132,56.25485376,56.51841838,57.68594347,56.49239668
984.964,55.92809155,56.27428685,54.9616801,56.43129283,56.69437866,57.85887699,56.67088567
984.482,56.11900987,56.45858638,55.14549,56.61480294,56.8787443,58.03901055,56.85779326
984,56.31706329,56.65131562,55.33755925,56.80675741,57.07027957,58.22774883,57.05188525
983.518,56.52102121,56.8499386,55.53669101,57.00461279,57.26905278,58.42113633,57.25454926
983.036,56.7296364,57.05188525,55.73910616,57.20579165,57.47116489,58.61786549,57.45925622
982.554,56.93771051,57.25586761,55.94354718,57.4076805,57.6753183,58.81661141,57.66735071
982.072,57.1465478,57.46057929,56.14873807,57.61293497,57.88152968,59.0173901,57.87619883
981.59,57.36011323,57.66867857,56.35857453,57.82158602,58.09115347,59.22158137,58.08981589
981.107,57.57845403,57.88152968,56.57440564,58.03633782,58.3055639,59.43195274,58.30824904
980.625,57.80428052,58.10185524,56.79890981,58.25725266,58.52885121,59.64856499,58.53424217
980.143,58.03767417,58.32839147,57.02955726,58.48708815,58.75840523,59.87148084,58.76652356
979.661,58.27737748,58.55985598,57.2664155,58.72053449,58.99157616,60.09938114,59.00380241
979.179,58.51807079,58.79359278,57.50558158,58.95762765,59.22567239,60.32814894,59.24203931
978.697,58.75840523,59.02826251,57.74308727,59.1943151,59.45932847,60.55499882,59.47986854
978.215,58.99836821,59.26113977,57.98023884,59.42921586,59.69115742,60.78270171,59.71727749
977.733,59.23794716,59.49493577,58.21836439,59.66504878,59.92251048,61.01126083,59.95287303
977.251,59.47849898,59.72965414,58.45881397,59.90181755,60.15476022,61.24067939,60.19078398
976.768,59.72002763,59.96529852,58.70025664,60.13952589,60.38930062,61.47379153,60.42963902
976.286,59.9611564,60.20325877,58.94405372,60.3795678,60.62335957,61.70779101,60.66944192
975.804,60.19910022,60.43798826,59.18477488,60.61498472,60.85552312,61.93982871,60.90598904
975.322,60.43242198,60.66804497,59.41963778,60.84571516,61.08154309,62.16558144,61.13782718
974.84,60.65687053,60.89056446,59.64581814,61.06748016,61.29993302,62.38497423,61.36206975
974.358,60.8737421,61.10405051,59.86183148,61.27876443,61.50918888,62.59361006,61.57862681
973.876,61.08154309,61.30840251,60.06894439,61.48228503,61.71063282,62.79426768,61.78456595
973.394,61.28017544,61.50635634,60.2684469,61.67653969,61.90275816,62.98831635,61.98263001
972.911,61.47237606,61.69642506,60.46165071,61.8642853,62.08833304,63.17423622,62.17273893
972.429,61.65666073,61.87853172,60.64849105,62.04545875,62.26586131,63.35195187,62.35337995
971.947,61.83010728,62.04974485,60.82470342,62.21713376,62.43383323,63.51992842,62.5230276
971.465,61.99119382,62.20853874,60.98878759,62.37635602,62.58928639,63.67515342,62.68014609
970.983,62.1383905,62.35337995,61.14064275,62.52158797,62.73068068,63.81753129,62.82463875
970.501,62.27159648,62.48416924,61.27735345,62.65561541,62.85936652,63.94697425,62.95351734
970.019,62.39215698,62.60369977,61.4016441,62.77691938,62.97526447,64.06635266,63.0724934
969.537,62.50575423,62.71334994,61.51768727,62.88832099,63.08120779,64.1756092,63.18150984
969.055,62.6109077,62.81740621,61.62827332,62.99266758,63.18005505,64.27913147,63.28488569
968.572,62.71046195,62.91439142,61.7319506,63.0913761,63.27322926,64.37837347,63.38405212
968.09,62.80583588,63.00717385,61.83153098,63.18441953,63.36216382,64.47331489,63.47752716
967.608,62.8955617,63.09573445,61.92556818,63.27177236,63.44684048,64.56244962,63.56674888
967.126,62.98106497,63.17714557,62.01403642,63.3548694,63.52577909,64.64724176,63.65023332
966.644,63.06378022,63.25720517,62.09977119,63.43515421,63.60335137,64.7291643,63.73089243
966.162,63.14515011,63.33590784,62.18419263,63.51407829,63.68101838,64.81119065,63.81312309
965.68,63.22953675,63.41908912,62.27159648,63.59749356,63.7617165,64.89630947,63.8969311
965.198,63.31986788,63.50676638,62.36486693,63.68541746,63.84692712,64.986029,63.98674232
964.715,63.41616863,63.6004224,62.46402997,63.77933695,63.93961251,65.08336513,64.08258172
964.233,63.51846583,63.70155003,62.56911324,63.87927817,64.03833032,65.18534974,64.184476
963.751,63.62532299,63.80724595,62.67870284,63.98379569,64.14163115,65.29350764,64.28949288
963.269,63.73676253,63.91753236,62.79282181,64.09143566,64.25101607,65.40636295,64.40061282
962.787,63.85133766,64.03095806,62.91149418,64.20516997,64.36355151,65.52243067,64.5163813
962.305,63.97348355,64.15049325,63.0361964,64.32354926,64.4837076,65.6447502,64.63831103
961.823,64.10324283,64.27913147,63.16841793,64.44956642,64.61152624,65.77487024,64.76792745
961.341,64.24214007,64.41544331,63.30966274,64.58475256,64.74854297,65.91283627,64.90677036
960.859,64.38875088,64.56096304,63.46145134,64.72767387,64.89332095,66.05869654,65.05489796
960.376,64.54312665,64.71128144,63.61799827,64.87838043,65.04291551,66.20945301,65.20786785
959.894,64.69936228,64.86493691,63.77933695,65.03243267,65.19735843,66.36360963,65.3672177
959.412,64.8589629,65.02045436,63.94108479,65.18685071,65.35216808,66.51659355,65.52695696
958.93,65.01746013,65.17634467,64.10471888,65.34313996,65.50885369,66.67146528,65.69011165
958.448,65.17634467,65.33110442,64.26729191,65.49980394,65.66440298,66.82515888,65.85215625
957.966,65.33712192,65.48924747,64.4317608,65.65835534,65.82032161,66.98074905,66.01612065
957.484,65.49980394,65.64777332,64.59813801,65.81729054,65.97812965,67.13670149,66.1804933
957.002,65.66137909,65.8066829,64.76494484,65.97812965,66.13631605,67.29456653,66.34527522
956.52,65.82335282,65.96597715,64.93068731,66.13631605,66.29182878,67.45124963,66.50893598
956.037,65.98116813,66.12108935,65.09235735,66.29182878,66.44464723,67.60674082,66.66839502
955.555,66.13479322,66.27198822,65.24992247,66.44158741,66.59321771,67.75634957,66.82054292
955.073,66.28267086,66.41711394,65.40184499,66.58708453,66.73443686,67.90003529,66.96686989
954.591,66.42476093,66.5548946,65.54657448,66.72521779,66.8728758,68.03775891,67.10888142
954.109,66.56102481,66.68988983,65.68859909,66.86209804,67.00543022,68.17105263,67.24345197
953.627,66.69296109,66.81900434,65.82638416,66.9930885,67.13515563,68.30146202,67.37518955
953.145,66.82208154,66.9452858,65.95990174,67.12124447,67.26203459,68.42739391,67.50407647
952.663,66.94374435,67.06562867,66.08760296,67.24500032,67.38294685,68.54724427,67.62542383
952.18,67.05945198,67.18000008,66.20945301,67.35967762,67.4978594,68.66098034,67.7423097
951.698,67.1676262,67.2868194,66.32389148,67.46833614,67.60674082,68.76857102,67.85158545
951.216,67.26822993,67.38605002,66.43087916,67.56783445,67.70644324,68.86840107,67.95321361
950.734,67.36277972,67.47921163,66.53037939,67.66124737,67.80004779,68.96043622,68.04872619
950.252,67.45280277,67.56627866,66.62389208,67.75010927,67.88752879,69.04941444,68.13809697
949.77,67.53828058,67.64878486,66.71292768,67.83440188,67.97042728,69.13213988,68.2228723
949.288,67.62075259,67.72827274,66.79746791,67.91567165,68.04872619,69.21337071,68.30303473
948.806,67.69708989,67.80160896,66.87595548,67.99234189,68.12084084,69.28991044,68.37856777
948.324,67.76727149,67.87033612,66.94991038,68.06282957,68.18832148,69.36014622,68.44630371
947.841,67.83127806,67.93444004,67.01623109,68.12711529,68.24958265,69.42565727,68.50937413
947.359,67.88909198,67.99077632,67.07798375,68.1867514,68.30460749,69.48323018,68.56618719
946.877,67.94226173,68.04402571,67.1336098,68.24015428,68.35495473,69.53764844,68.61672724
946.395,67.98921079,68.09418088,67.18618787,68.29045401,68.40218897,69.58569994,68.66572344
945.913,68.0361923,68.14123492,67.23880711,68.33764368,68.44630371,69.63378464,68.71317243
945.431,68.080071,68.18832148,67.28991814,68.38329136,68.48886987,69.67869368,68.75907095
944.949,68.1224094,68.23386941,67.33951746,68.42739391,68.5314625,69.72202625,68.80500013
944.467,68.1632046,68.27630346,67.38605002,68.46837175,68.57092374,69.76217303,68.84778936
943.984,68.20245379,68.31719082,67.43261474,68.50779666,68.6088279,69.80234292,68.88901895
943.502,68.24015428,68.35652868,67.47610417,68.54724427,68.64675302,69.84253595,68.93027323
943.02,68.28101998,68.39903901,67.52273111,68.58671459,68.68628064,69.88436125,68.97155222
942.538,68.32505658,68.44315171,67.57094613,68.63252864,68.7305786,69.92943189,69.01762333
942.056,68.37541889,68.49517822,67.62698098,68.6831176,68.78123983,69.98258817,69.06849614
941.574,68.43527236,68.55355799,67.69085505,68.74324041,68.83986342,70.0422357,69.1289563
941.092,68.50306447,68.61988723,67.76259045,68.8113376,68.90646967,70.11000531,69.19743557
940.61,68.58039781,68.6941889,67.84377419,68.88584657,68.98267002,70.18592048,69.27395769
940.128,68.66414237,68.77648875,67.93287581,68.96996411,69.06531549,70.26838951,69.36014622
939.645,68.75907095,68.86681533,68.0283598,69.06054479,69.1560214,70.35905536,69.45283853
939.163,68.86047276,68.9652,68.13495917,69.16079869,69.2564139,70.45632717,69.55526347
938.681,68.97314037,69.07167693,68.24958265,69.26917258,69.36493761,70.56185672,69.66585957
938.199,69.0939466,69.18946938,68.37384451,69.38730183,69.48323018,70.6756807,69.78627219
937.717,69.22293355,69.31703856,68.50779666,69.51523576,69.60813533,70.79783872,69.91494173
937.235,69.35854916,69.44964018,68.64833369,69.64821653,69.74129382,70.92674019,70.04868712
936.753,69.49763087,69.59050691,68.79549502,69.7878791,69.87953397,71.06078487,70.18915273
936.271,69.64180199,69.73326502,68.94455932,69.92943189,70.02127267,71.19672224,70.3347584
935.788,69.78627219,69.87953397,69.09871961,70.07449877,70.16491445,71.33784732,70.48228902
935.306,69.93587292,70.03094713,69.25481923,70.22310041,70.31208881,71.48089803,70.63500821
934.824,70.089022,70.18430441,69.41286977,70.37363757,70.46281673,71.62753409,70.78968829
934.342,70.24412386,70.34123677,69.57448495,70.52774528,70.61549374,71.77612364,70.94634068
933.86,70.40281104,70.50176669,69.73808219,70.68544558,70.77339024,71.92667759,71.10661423
933.378,70.56185672,70.66266296,69.9020641,70.8434985,70.9316398,72.079207,71.26560888
932.896,70.71963329,70.82392642,70.063205,71.00190482,71.09024321,72.23039669,71.42495904
932.414,70.87613065,70.98065457,70.22310041,71.1557499,71.24592018,72.38023686,71.57972079
931.932,71.02806771,71.13445361,70.38011952,71.30828638,71.40029399,72.52704781,71.73316613
931.449,71.17705257,71.28366163,70.53261733,71.45621366,71.55170714,72.67080984,71.88197482
930.967,71.32142307,71.42989307,70.68219047,71.59950173,71.69848846,72.81150367,72.02611664
930.485,71.46114986,71.56983237,70.82718805,71.73812146,71.84060813,72.94743068,72.16722401
930.003,71.59620453,71.70509244,70.96921476,71.87204464,71.97803728,73.07856319,72.30527796
929.521,71.72655957,71.83399167,71.10497695,71.99958613,72.10908753,73.20656005,72.43692401
929.039,71.85053397,71.95815176,71.23607787,72.12237173,72.23205987,73.32633861,72.56212623
928.557,71.96809383,72.07588771,71.35920451,72.23704966,72.34857808,73.4395488,72.68085038
928.075,72.079207,72.18550515,71.47596047,72.34524638,72.45861024,73.54615962,72.79138789
927.593,72.18384304,72.2902955,71.58631383,72.44860041,72.56045544,73.64783762,72.89537929
927.11,72.28197325,72.38857043,71.69023434,72.5437497,72.65575164,73.7428639,72.99279605
926.628,72.37523719,72.4819719,71.78769352,72.63400641,72.74447267,73.83291242,73.08361145
926.146,72.46194716,72.56713881,71.87700956,72.71935196,72.82659416,73.91796466,73.16780052
925.664,72.54040902,72.64571457,71.96146563,72.79641631,72.90209351,73.99629924,73.24534012
925.182,72.61226768,72.71432886,72.03606811,72.86517294,72.96926975,74.06789462,73.31452075
924.7,72.67415654,72.7763047,72.10244634,72.92727735,73.02978129,74.13102413,73.3753186
924.218,72.7293992,72.82994802,72.15891593,72.97935152,73.08192866,74.18566602,73.4277127
923.736,72.77798045,72.87524033,72.21044145,73.02641822,73.12906151,74.2335107,73.47506856
923.253,72.81821017,72.91720277,72.25368477,73.06678526,73.1711701,74.27454499,73.51399087
922.771,72.85342941,72.95246989,72.29362467,73.10212473,73.20824571,74.30875756,73.54785311
922.289,72.88363089,72.98439293,72.32859019,73.1324293,73.24196712,74.33785064,73.57664827
921.807,72.90880835,73.0096052,72.35857409,73.15769271,73.26726837,74.36353046,73.59867571
921.325,72.92559815,73.03146288,72.3819035,73.17622476,73.28751566,74.38236796,73.61562439
920.843,72.93903278,73.04491701,72.39857197,73.18802032,73.30101696,74.39607096,73.62749078
920.361,72.94407141,73.05500924,72.41024218,73.1947615,73.30608059,74.40292341,73.63257696
919.879,72.94407141,73.05669141,72.41524427,73.19644689,73.30608059,74.40634987,73.63257696
919.397,72.94071229,73.05500924,72.41691172,73.19307615,73.3027048,74.40463662,73.62749078
918.914,72.93063585,73.04828093,72.41190951,73.18633513,73.29257836,74.39949711,73.62070975
918.432,72.91720277,73.03987142,72.40524043,73.17622476,73.28076594,74.39093204,73.60884445
917.95,72.90041489,73.02641822,72.39357102,73.16443109,73.26558135,74.37722999,73.59359187
917.468,72.88027455,73.0096052,72.37857027,73.14927061,73.24702667,74.36181819,73.57495413
916.986,72.85846212,72.98943469,72.36024023,73.13074539,73.22679057,74.34298589,73.55293379
916.504,72.83330204,72.96758959,72.34024912,73.11054141,73.20318884,74.322447,73.52922694
916.022,72.80982714,72.94575103,72.32026353,73.08866006,73.18127977,74.30362467,73.50552774
915.54,72.78971182,72.92727735,72.30361309,73.07183271,73.16274644,74.28480711,73.48522022
915.057,72.7763047,72.91552381,72.29196006,73.05837362,73.1475863,74.27283478,73.46999326
914.575,72.76960206,72.912166,72.2902955,73.05164501,73.14253362,74.26770437,73.46322673
914.093,72.7729533,72.92056081,72.30028346,73.05669141,73.14927061,74.27283478,73.46830157
913.611,72.78971182,72.94071229,72.32192878,73.07351527,73.16780052,74.2899387,73.48522022
913.129,72.81988689,72.97599078,72.35857409,73.10549128,73.2015033,74.32073569,73.51737639
912.647,72.86852858,73.02809973,72.41024218,73.15263933,73.25208657,74.3669551,73.56648399
912.165,72.93399451,73.09539208,72.4819719,73.21836051,73.31958532,74.43033951,73.63427243
911.683,73.01969255,73.18296485,72.57048073,73.3027048,73.40573643,74.51093274,73.71909584
911.201,73.12401011,73.28751566,72.67750338,73.40573643,73.50891287,74.60879057,73.82271273
910.718,73.24534012,73.40911697,72.80312142,73.52584088,73.62918613,74.72398077,73.94349943
910.236,73.38207703,73.54446618,72.94407141,73.6597092,73.76324262,74.853136,74.07812818
909.754,73.53092004,73.69194173,73.09707519,73.80571638,73.90775322,74.9928744,74.22496475
909.272,73.68685144,73.8482146,73.25714682,73.96052751,74.06107303,75.14325438,74.37894261
908.79,73.8482146,74.00993112,73.42433131,74.11907658,74.21983765,75.2974034,74.54010497
908.308,74.01333948,74.1754176,73.59359187,74.28138625,74.38236796,75.45534341,74.70161653
907.826,74.18054163,74.3412741,73.7649411,74.4457655,74.54697068,75.6153558,74.86520187
907.344,74.34640959,74.50921708,73.93498686,74.60707266,74.71365798,75.77396273,75.02741785
906.861,74.51093274,74.67410051,74.10371828,74.76872933,74.87726969,75.92940558,75.18825402
906.379,74.6723811,74.83590241,74.26941447,74.92383521,75.03951182,76.08166355,75.3442302
905.897,74.82901009,74.9928744,74.43033951,75.07580541,75.19691089,76.22896093,75.4970531
905.415,74.97906148,75.14325438,74.58474341,75.22288747,75.34770001,76.36950928,75.64321865
904.933,75.12422418,75.28873497,74.73258418,75.36505146,75.49357641,76.5050318,75.78443201
904.451,75.26273565,75.42581299,74.8755456,75.50052995,75.63276888,76.63373626,75.92066439
903.969,75.39455809,75.55792106,75.01187133,75.63102739,75.76523943,76.75558746,76.05013687
903.487,75.5213944,75.68503219,75.14325438,75.7547728,75.89269934,76.87409215,76.17456801
903.005,75.64321865,75.80712042,75.26793479,75.87522641,76.01512255,76.98923424,76.29393236
902.522,75.76175039,75.92416075,75.39108612,75.99062212,76.13248402,77.09922277,76.40996487
902.04,75.87522641,76.03963088,75.50922277,76.10444094,76.24651532,77.20759065,76.52088778
901.558,75.9871227,76.15176963,75.62580316,76.21316544,76.35720096,77.31433059,76.63020723
901.076,76.09743179,76.26407375,75.74081954,76.32204526,76.46628656,77.42121811,76.73791587
900.594,76.20614627,76.37654349,75.85601083,76.42932077,76.575528,77.52825339,76.84400649
900.112,76.31677331,76.4891791,75.96962803,76.5385094,76.68669126,77.63543665,76.95024378
899.63,76.42756094,76.60374466,76.08341541,76.64785402,76.79624757,77.7427681,77.05840225
899.148,76.5385094,76.71671533,76.19912775,76.75735485,76.90773125,77.85024793,77.16315917
898.666,76.64785402,76.82808355,76.31325887,76.86524221,77.01937676,77.95608133,77.26983769
898.183,76.75558746,76.93784186,76.42756094,76.97328121,77.12763241,78.06026117,77.37310045
897.701,76.85993273,77.04420888,76.54027178,77.07792241,77.23426181,78.16278046,77.47471726
897.219,76.96264769,77.14717011,76.64961892,77.18092869,77.33747702,78.26183021,77.57289509
896.737,77.06017661,77.24671151,76.75558746,77.27873422,77.43726397,78.35739691,77.6694089
896.255,77.15782912,77.34281949,76.85639328,77.37488205,77.53182378,78.44766115,77.76246162
895.773,77.25026893,77.43548093,76.95378755,77.46758191,77.62292431,78.53622098,77.85204052
895.291,77.3392578,77.52468317,77.04775698,77.55503533,77.71055309,78.62126007,77.93992795
894.809,77.42478357,77.61041398,77.13473645,77.6372243,77.79469814,78.70457897,78.02432137
894.326,77.5068345,77.69266164,77.22003604,77.71592133,77.87534793,78.78254388,78.10700767
893.844,77.58539937,77.77141487,77.30009008,77.79111565,77.95428634,78.8587702,78.18438062
893.362,77.65867922,77.84487041,77.37844538,77.86279692,78.02791461,78.93143527,78.25822621
892.88,77.72665893,77.91660121,77.45152976,77.9309553,78.09981408,79.00234818,78.32673074
892.398,77.79290687,77.98301105,77.52289811,77.99558144,78.16817994,79.0678628,78.39349014
891.916,77.85383315,78.04588326,77.58897239,78.05846379,78.2330028,79.1297876,78.45488678
891.434,77.9130131,78.10880617,77.65152692,78.11959804,78.29607656,79.18993746,78.51271578
890.952,77.96864737,78.16638007,77.71055309,78.1771799,78.3537885,79.24465883,78.56696918
890.47,78.02432137,78.22579761,77.76783345,78.2330028,78.41154298,79.29941801,78.62126007
889.987,78.08003512,78.28165522,77.82336405,78.28886556,78.46753323,79.35238786,78.67377692
889.505,78.13398953,78.33755272,77.8771411,78.34116038,78.5199474,79.40356473,78.72451613
889.023,78.1861809,78.38988007,77.9309553,78.39168508,78.5705874,79.45257922,78.77347422
888.541,78.23660565,78.44224237,77.98121545,78.44043619,78.61944977,79.50070867,78.82064782
888.059,78.28345774,78.49102491,78.02971128,78.48560313,78.66471979,79.5466693,78.8660337
887.577,78.3285343,78.53802937,78.07464173,78.52717969,78.70820353,79.59009077,78.90599489
887.095,78.36822314,78.58144308,78.11420192,78.56516013,78.74808475,79.63041883,78.94415854
886.613,78.40793208,78.62126007,78.15018312,78.60134905,78.78617203,79.66801565,78.97870347
886.13,78.44224237,78.65747483,78.18258038,78.63393334,78.82246276,79.70251028,79.0096249
885.648,78.47656766,78.69189431,78.21138921,78.66471979,78.85695443,79.73444948,79.03691857
885.166,78.50910022,78.72270346,78.23660565,78.69370628,78.88964468,79.76383014,79.06240117
884.684,78.53802937,78.75171131,78.26183021,78.72089082,78.91871405,79.79138435,79.08424994
884.202,78.56696918,78.78072986,78.28345774,78.74808475,78.94779414,79.81729399,79.10610475
883.72,78.59410993,78.80794446,78.30689431,78.77528807,78.97506645,79.84247666,79.12796559
883.238,78.62126007,78.83516846,78.3285343,78.80068632,79.00234818,79.86729947,79.14983248
882.756,78.64660865,78.86240187,78.3483762,78.82609275,79.02781964,79.89213,79.17170541
882.274,78.67377692,78.8914612,78.36822314,78.85150738,79.0532993,79.91678423,79.1954079
881.791,78.69914244,78.92053125,78.38627016,78.87511401,79.07878718,79.94089386,79.21729342
881.309,78.72632885,78.94779414,78.40432135,78.89872771,79.10064048,79.96372188,79.23918499
880.827,78.75171131,78.97506645,78.41876529,78.92053125,79.1243217,79.98489886,79.25925758
880.345,78.77528807,79.00234818,78.43321189,78.94234081,79.14618758,80.0046077,79.2775098
879.863,78.80068632,79.02599998,78.44585485,78.9623382,79.16623661,80.02321582,79.29394039
879.381,78.82427773,79.05147905,78.45849984,78.98234066,79.18811407,80.04201258,79.30854822
878.899,78.8460607,79.07514555,78.47295377,79.00234818,79.20999758,80.06191983,79.32498525
878.417,78.8696657,79.09881914,78.48741035,79.02236078,79.23371153,80.08404482,79.33959879
877.934,78.8914612,79.1243217,78.5018696,79.04237844,79.25743259,80.10838936,79.35786952
877.452,78.9150798,79.15165499,78.51813943,79.06422167,79.28116075,80.13477097,79.37797217
876.97,78.93870546,79.17899772,78.53441264,79.08607094,79.30489601,80.16208415,79.39807991
876.488,78.9641564,79.20817372,78.55068922,79.10792625,79.32863838,80.1895913,79.42185018
876.006,78.98961554,79.23736047,78.56877827,79.13160965,79.35238786,80.21655376,79.44489584
875.524,79.01508288,79.26655797,78.58687148,79.15530014,79.37797217,80.24278622,79.46977803
875.042,79.04237844,79.29576622,78.60677883,79.17899772,79.40356473,80.26791831,79.49521715
874.56,79.0678628,79.32498525,78.62850169,79.20087871,79.42916554,80.29231875,79.52066441
874.078,79.09335538,79.35238786,78.65023055,79.22458994,79.4544087,80.31598686,79.54575349
873.595,79.11703441,79.37614444,78.67377692,79.24648353,79.47929387,80.338922,79.57011761
873.113,79.14072054,79.39990814,78.70095457,79.27020841,79.50308845,80.36112353,79.5932063
872.631,79.16076819,79.42002145,78.72995442,79.2921146,79.52579146,80.38240576,79.61538508
872.149,79.17899772,79.43959109,78.76259202,79.31402685,79.54776828,80.40295307,79.63738666
871.667,79.19723146,79.4580678,78.79887188,79.33777195,79.56975118,80.42313528,79.65957775
871.185,79.2154694,79.4765488,78.83698373,79.36152417,79.59210669,80.44332256,79.68250892
870.703,79.23371153,79.49485106,78.8769302,79.38528349,79.61501843,80.46388545,79.70599727
870.221,79.25378274,79.51315753,78.9168969,79.4108784,79.63793678,80.48426827,79.72912539
869.739,79.27203369,79.53110197,78.95688386,79.43392089,79.66012802,80.50428553,79.75097477
869.256,79.29028886,79.54795145,78.99507213,79.4567871,79.68085765,80.52300987,79.77044229
868.774,79.3067221,79.56407168,79.02963934,79.47819583,79.69939047,80.53988404,79.78697504
868.292,79.32315874,79.57909575,79.06058072,79.49851202,79.71572495,80.55453592,79.8005712
867.81,79.33594516,79.59375611,79.08971308,79.51755172,79.73022689,80.5671498,79.81159682
867.328,79.34690658,79.60805257,79.11703441,79.535314,79.74344616,80.57828133,79.82115359
866.846,79.35786952,79.62161824,79.14254284,79.55161485,79.75556574,80.58774434,79.82960861
866.364,79.36700645,79.6342694,79.16441376,79.56608694,79.76676881,80.59628056,79.83732919
865.882,79.37431676,79.64490526,79.1844674,79.5783628,79.7765039,80.6033329,79.84394742
865.399,79.38162774,79.65297479,79.2027024,79.58789164,79.78477048,80.60871537,79.84927918
864.917,79.38528349,79.6582938,79.2154694,79.59503902,79.7910169,80.61279885,79.85314033
864.435,79.3889394,79.661412,79.22641418,79.60035416,79.79542644,80.61539755,79.85553066
863.953,79.39076742,79.66324629,79.23553598,79.60438656,79.79855001,80.61706818,79.85736942
863.471,79.39259548,79.66489719,79.24465883,79.60823587,79.8005712,80.61873884,79.85884046
862.989,79.39625173,79.66654812,79.25013305,79.61226868,79.80185745,80.62040954,79.86049541
862.507,79.39807991,79.66874942,79.25560764,79.61648501,79.8020412,80.62208028,79.8621504
862.025,79.39807991,79.67058388,79.26108261,79.6203349,79.8009387,80.62356541,79.86306985
861.543,79.39807991,79.67131768,79.26290769,79.6229016,79.79818252,80.62375105,79.8621504
861.06,79.39625173,79.67040044,79.26108261,79.62345162,79.79340537,80.62208028,79.85902434
860.578,79.39076742,79.66764876,79.25743259,79.62180158,79.78679132,80.61762506,79.85277259
860.096,79.38345559,79.66306286,79.25013305,79.61758496,79.77870824,80.61038586,79.84357973
859.614,79.37431676,79.65645962,79.24100956,79.61098549,79.76934022,80.60017783,79.83181441
859.132,79.36152417,79.64820633,79.22823845,79.60237033,79.75905505,80.5870021,79.81747778
858.65,79.34873363,79.63757003,79.2154694,79.59174015,79.74693494,80.57104566,79.8005712
858.168,79.33229168,79.6238183,79.20087871,79.57872928,79.73279713,80.55249563,79.78109634
857.686,79.3122006,79.60621954,79.1844674,79.56278927,79.7159085,80.53153923,79.75832044
857.203,79.28846315,79.58440982,79.16441376,79.54373874,79.69572026,80.5085491,79.73261354
856.721,79.26290769,79.55839259,79.14254284,79.52139682,79.67296875,80.48389763,79.70434552
856.239,79.23371153,79.52872135,79.11885617,79.49613238,79.64802294,80.45832739,79.67388602
855.757,79.2027024,79.49649847,79.09153421,79.46813118,79.62180158,80.43220967,79.64197109
855.275,79.17170541,79.4626419,79.06422167,79.43812777,79.5944892,80.40535986,79.6091524
854.793,79.13707606,79.42733664,79.03327887,79.40539308,79.56572053,80.37722348,79.57543108
854.311,79.10246186,79.39076742,79.00052911,79.37248912,79.53494773,80.34706185,79.54025885
853.829,79.06422167,79.35238786,78.9641564,79.33594516,79.50070867,80.31358275,79.50272233
853.347,79.02054124,79.3122006,78.92598307,79.29576622,79.46172706,80.27586612,79.46227597
852.864,78.973248,79.26838317,78.88419537,79.25195787,79.4163641,80.23354846,79.41819275
852.382,78.92053125,79.22276575,78.83698373,79.20452613,79.36700645,80.18626778,79.37066152
851.9,78.86421776,79.17170541,78.78617203,79.15347755,79.3122006,80.13458645,79.31950586
851.418,78.80250079,79.11703441,78.72995442,79.09517659,79.25195787,80.07888177,79.26290769
850.936,78.73720605,79.05693993,78.66834252,79.03327887,79.18629072,80.0195307,79.2027024
850.454,78.67015394,78.99325323,78.60496886,78.96779291,79.11885617,79.95709372,79.13889828
849.972,78.59953921,78.92416575,78.53802937,78.89872771,79.04965885,79.89194604,79.06968343
849.49,78.52717969,78.85332302,78.46934004,78.82972291,78.97688494,79.82446197,78.99871007
849.007,78.45308031,78.77891589,78.39890556,78.75896495,78.90236121,79.75519845,78.92234848
848.525,78.37724613,78.70457897,78.32673074,78.6882705,78.82609275,79.68471065,78.84424522
848.043,78.30148525,78.62850169,78.25462237,78.61763951,78.75171131,79.61318525,78.76621925
847.561,78.22579761,78.5543067,78.18258038,78.54888055,78.67558847,79.54172405,78.6882705
847.079,78.15198262,78.48018172,78.10880617,78.47837467,78.59953921,79.47050998,78.61039889
846.597,78.08003512,78.40973751,78.0386953,78.41154298,78.52717969,79.39990814,78.53622098
846.115,78.01174635,78.34116038,77.96864737,78.34476821,78.45669329,79.3341184,78.46391975
845.633,77.94890164,78.2762479,77.90224977,78.27985274,78.38988007,79.27020841,78.39890556
845.151,77.88969442,78.21679205,77.8412856,78.22219526,78.3285343,79.21182147,78.33935653
844.668,77.83770096,78.16458024,77.78753332,78.16817994,78.27444555,79.16076819,78.28706291
844.186,77.79469814,78.12139683,77.74097803,78.12139683,78.22759884,79.11885617,78.24381184
843.704,77.75709016,78.08542888,77.70518522,78.08363092,78.191582,79.08424994,78.20778752
843.222,77.73023845,78.06026117,77.68192874,78.05486915,78.16458024,79.06058072,78.18258038
842.74,77.71413188,78.04588326,77.66762052,78.03689842,78.14838367,79.04601856,78.16817994
842.258,77.70697447,78.0422892,77.66583218,78.02971128,78.14298556,79.04419848,78.16458024
841.776,77.71234247,78.04947749,77.6747743,78.03330477,78.14838367,79.04965885,78.16997985
841.294,77.72844867,78.06565357,77.6944506,78.04947749,78.16638007,79.0678628,78.18798122
840.812,77.75709016,78.09262115,77.72486923,78.07464173,78.19518293,79.09517659,78.21499106
840.329,77.79648945,78.12859241,77.76425219,78.11060471,78.2348042,79.13160965,78.25282051
839.847,77.84666288,78.17537983,77.81440482,78.15738135,78.28526031,79.17717458,78.30148525
839.365,77.90583738,78.22940012,77.87176172,78.21319011,78.34476821,79.23188713,78.35920118
838.883,77.97403344,78.29247098,77.93813334,78.2762479,78.4133485,79.29394039,78.42598826
838.401,78.05127467,78.36461423,78.01174635,78.3483762,78.48921761,79.36335155,78.5018696
837.919,78.13578865,78.44224237,78.09262115,78.42598826,78.5705874,79.43812777,78.58325251
837.437,78.22399641,78.52717969,78.17898002,78.50910022,78.6556637,79.5190165,78.66834252
836.955,78.31591025,78.61582929,78.26723654,78.59591965,78.74445835,79.60438656,78.75715148
836.472,78.40973751,78.70639123,78.35920118,78.68464685,78.83516846,79.69223372,78.84787621
835.99,78.5018696,78.79705749,78.4494675,78.77347422,78.92598307,79.78091263,78.93870546
835.508,78.59049063,78.88601176,78.53983779,78.86058601,79.01326352,79.86803508,79.02599998
835.026,78.67377692,78.9714296,78.62488079,78.94597632,79.09699784,79.95157067,79.1097478
834.544,78.75171131,79.04965885,78.70457897,79.02418036,79.17535148,80.02984947,79.18993746
834.062,78.82246276,79.12067797,78.78072986,79.09881914,79.24830827,80.10119588,79.26290769
833.58,78.8878282,79.1844674,78.84787621,79.16623661,79.31402685,80.16522208,79.32863838
833.098,78.94415854,79.23918499,78.90781178,79.22458994,79.37248912,80.22154096,79.38711142
832.616,78.99325323,79.28846315,78.9623382,79.27568439,79.42550778,80.27013622,79.43867651
832.133,79.03691857,79.32863838,79.00780566,79.31767948,79.47032699,80.31117871,79.48112397
831.651,79.07150409,79.36335155,79.04419848,79.35056072,79.50766515,80.34502681,79.51498841
831.169,79.10064048,79.3889394,79.0733248,79.37431676,79.53641283,80.37111622,79.53952626
830.687,79.11885617,79.4108784,79.09517659,79.39076742,79.55601116,80.38943938,79.55527842
830.205,79.13160965,79.42367896,79.1097478,79.39807991,79.56645336,80.40036123,79.56278927
829.723,79.13525388,79.42916554,79.1152127,79.39807991,79.56791904,80.40369362,79.56315567
829.241,79.13160965,79.42916554,79.11339102,79.39076742,79.56169008,80.40036123,79.55765984
828.759,79.12067797,79.42367896,79.10610475,79.37979994,79.54923362,80.39110533,79.54721879
828.276,79.10610475,79.4108784,79.09335538,79.36517898,79.53146822,80.37629811,79.53293326
827.794,79.08607094,79.39259548,79.07514555,79.34690658,79.51004514,80.35686776,79.51498841
827.312,79.06240117,79.36883397,79.0532993,79.32498525,79.4856994,80.3331876,79.49356977
826.83,79.0350987,79.34142568,79.02599998,79.29941801,79.45916556,80.3056312,79.46886311
826.348,79.00598646,79.3122006,78.99689108,79.27385902,79.43099449,80.2753116,79.44142028
825.866,78.97506645,79.2775098,78.96779291,79.24465883,79.40173642,80.24334052,79.4108784
825.384,78.94415854,79.24465883,78.93507028,79.2154694,79.37248912,80.2106434,79.37979994
824.902,78.91326273,79.20999758,78.90236121,79.18629072,79.3432526,80.17869808,79.34873363
824.42,78.88419537,79.17535148,78.87148176,79.15530014,79.31402685,80.1480573,79.31767948
823.937,78.85513871,79.14436519,78.84061439,79.12614362,79.28481187,80.11964199,79.28663749
823.455,78.82609275,79.11339102,78.81157378,79.09517659,79.25560764,80.09326536,79.25743259
822.973,78.80068632,79.08607094,78.78617203,79.06604222,79.22823845,80.06892542,79.22823845
822.491,78.77528807,79.0587603,78.76259202,79.04055844,79.20087871,80.04680461,79.20087871
822.009,78.75352466,79.0350987,78.74264521,79.01508288,79.17717458,80.02653258,79.17717458
821.527,78.73358015,79.01508288,78.72451613,78.99325323,79.15347755,80.00829213,79.15530014
821.045,78.71545316,78.99689108,78.71001588,78.97506645,79.13525388,79.99152933,79.13707606
820.563,78.70276675,78.98234066,78.69551829,78.96052005,79.11885617,79.97624325,79.12067797
820.08,78.69008239,78.96779291,78.68283509,78.94779414,79.10428328,79.96132832,79.10428328
819.598,78.6792117,78.95506583,78.67015394,78.93688785,79.09153421,79.94641617,79.09153421
819.116,78.66834252,78.94052311,78.6556637,78.92598307,79.07878718,79.93058656,79.07514555
818.634,78.6556637,78.92598307,78.64117612,78.9150798,79.06422167,79.91365603,79.0587603
818.152,78.63936537,78.90962872,78.62488079,78.90236121,79.04783868,79.89507339,79.03873849
817.67,78.62126007,78.8914612,78.60496886,78.88601176,79.02963934,79.87465586,79.01690229
817.188,78.59953921,78.8696657,78.58506197,78.8660337,79.00780566,79.85222099,78.99143436
816.706,78.57239658,78.8460607,78.55973323,78.84424522,78.98052204,79.82740287,78.9623382
816.224,78.54345477,78.81883293,78.53079608,78.81701808,78.9514299,79.79983622,78.93143527
815.741,78.50910022,78.78798617,78.50006204,78.78435793,78.91871405,79.76934022,78.89509437
815.259,78.47295377,78.75352466,78.46572647,78.74989801,78.88237901,79.73573465,78.8587702
814.777,78.4350179,78.71726567,78.4277941,78.71182826,78.84242978,79.69902344,78.82064782
814.295,78.39710037,78.67558847,78.38807509,78.67196541,78.80068632,79.65957775,78.78254388
813.813,78.35559269,78.63393334,78.34657219,78.62850169,78.75896495,79.61795161,78.74264521
813.331,78.31410698,78.59049063,78.30509125,78.58687148,78.71545316,79.57469817,78.70276675
812.849,78.26903873,78.54526332,78.26183021,78.54164626,78.67196541,79.53055259,78.66109723
812.367,78.22399641,78.49825453,78.21499106,78.49644707,78.62488079,79.4856994,78.61763951
811.885,78.17537983,78.45127388,78.16817994,78.45127388,78.57782436,79.44050568,78.5705874
811.402,78.12499454,78.40432135,78.12139683,78.40432135,78.53079608,79.39625173,78.52356346
810.92,78.07464173,78.35739691,78.07284401,78.35920118,78.48198882,79.35238786,78.47295377
810.438,78.02611797,78.31230375,78.02432137,78.31591025,78.4350179,79.30854822,78.42418245
809.956,77.98121545,78.26903873,77.97762436,78.27264323,78.38807509,79.26655797,78.37724613
809.474,77.93813334,78.22759884,77.93274975,78.22940012,78.34296428,79.22641418,78.33214154
808.992,77.89686866,78.1861809,77.88790096,78.18798122,78.29968231,79.18629072,78.28886556
808.51,77.85921129,78.14478489,77.84487041,78.14658426,78.25822621,79.14618758,78.24741518
808.028,77.81978023,78.10341079,77.8036551,78.10341079,78.21859308,79.10610475,78.20598674
807.545,77.78216013,78.0620586,77.76425219,78.06026117,78.17898002,79.06604222,78.16638007
807.063,77.7427681,78.02252481,77.72486923,78.01893183,78.14118627,79.02781964,78.12679346
806.581,77.70339602,77.98301105,77.68908384,77.97582888,78.10520921,78.98961554,78.08722689
806.099,77.66583218,77.94531204,77.65331493,77.93633877,78.06924871,78.95324785,78.04947749
805.617,77.6282865,77.90942516,77.621137,77.89686866,78.03510157,78.91871405,78.01354266
805.135,77.59254558,77.8735548,77.58897239,77.85741853,78.00096937,78.88237901,77.97762436
804.653,77.55682112,77.83770096,77.55682112,77.81978023,77.9668521,78.84787621,77.94172261
804.171,77.5211131,77.80186363,77.5211131,77.78216013,77.9309553,78.81338851,77.90404355
803.689,77.48363738,77.76425219,77.48363738,77.74455821,77.89328146,78.77710196,77.86638271
803.206,77.44796306,77.72486923,77.44617978,77.70876376,77.85383315,78.74083211,77.82874008
802.724,77.41052271,77.68550621,77.4069579,77.67119733,77.8126131,78.70457897,77.78932446
802.242,77.37310045,77.64616313,77.36775589,77.6372243,77.77320564,78.66834252,77.75171908
801.76,77.33569628,77.60683997,77.32857373,77.60147926,77.73202828,78.63212275,77.71413188
801.278,77.2983102,77.56575069,77.28941141,77.56396469,77.69266164,78.59591965,77.67656285
800.796,77.26094219,77.52646826,77.2520477,77.52825339,77.65331493,78.55973323,77.63901198
800.314,77.2253704,77.48542153,77.21470206,77.48898995,77.6157753,78.52175541,77.60147926
799.832,77.18803765,77.44439654,77.17559741,77.44974639,77.57646754,78.48198882,77.56217874
799.349,77.1489465,77.401611,77.13651257,77.40874028,77.53896506,78.44224237,77.52289811
798.867,77.1116507,77.35706788,77.09389713,77.36597445,77.49969619,78.40071078,77.48006921
798.385,77.0708236,77.31255038,77.04953109,77.32323225,77.46044721,78.35559269,77.43548093
797.903,77.02647083,77.26627937,76.99987143,77.27873422,77.41765281,78.31050056,77.38913634
797.421,76.98037103,77.21825801,76.94670017,77.23070512,77.36953737,78.26363228,77.3392578
796.939,76.92898457,77.16493594,76.89002463,77.17915156,77.31789113,78.21499106,77.28763178
796.457,76.87409215,77.10987516,76.8298526,77.1258565,77.26272121,78.16458024,77.23070512
795.975,76.81570132,77.05130524,76.76619237,77.06727444,77.20225752,78.11060471,77.17026649
795.493,76.75382012,76.98923424,76.70081877,77.0069637,77.13828872,78.05127467,77.10809966
795.01,76.69022289,76.92189948,76.63197172,76.94315672,77.07259824,77.99019388,77.04420888
794.528,76.62138536,76.85108441,76.56142356,76.87586226,77.00164444,77.92198369,76.97682604
794.046,76.54908431,76.77503092,76.48741789,76.80508958,76.92898457,77.85024793,76.9059604
793.564,76.47332969,76.69552065,76.40820548,76.72731487,76.85285399,77.77141487,76.8316217
793.082,76.39237285,76.60903644,76.32556011,76.64432433,76.76972767,77.687295,76.75382012
792.6,76.30623048,76.51736395,76.2359822,76.55613507,76.68315979,77.60147926,76.66903553
792.118,76.21667527,76.4240414,76.14300284,76.46276524,76.59316219,77.51040391,76.58081783
791.636,76.12371945,76.32907511,76.04663471,76.36950928,76.4997472,77.41943544,76.4891791
791.153,76.030877,76.23422683,75.94863975,76.27461075,76.40292757,77.32857373,76.39413187
790.671,75.93814778,76.1394964,75.84727809,76.17983015,76.30623048,77.23604021,76.29920274
790.189,75.84553166,76.04488369,75.74605171,76.08516732,76.20965577,77.14539375,76.20263693
789.707,75.7547728,75.95388628,75.64670223,75.9941217,76.11495588,77.05485366,76.10969823
789.225,75.66586479,75.86299775,75.54748307,75.90493278,76.02037367,76.96619203,76.01687288
788.743,75.58054165,75.77396273,75.45534341,75.82108589,75.93290234,76.88294312,75.92940558
788.261,75.4987915,75.69026051,75.36678682,75.74256355,75.84902456,76.80332109,75.84727809
787.779,75.42233958,75.61187366,75.2870014,75.66934941,75.77221799,76.73084837,75.77221799
787.297,75.35290502,75.54052521,75.21422761,75.60316902,75.70246132,76.66550487,75.70420446
786.814,75.2870014,75.47445749,75.15017565,75.54400406,75.64147692,76.60550855,75.64147692
786.332,75.22808386,75.41365677,75.08963616,75.48662352,75.58402235,76.55084694,75.58576275
785.85,75.17094328,75.35464011,75.03432845,75.43276029,75.53008962,76.4997472,75.53356799
785.368,75.11557568,75.29913721,74.98078795,75.38067117,75.4779333,76.44868157,75.48140926
784.886,75.06197721,75.24540776,74.92901095,75.32861803,75.42754976,76.39940917,75.43276029
784.404,75.00841699,75.19171665,74.87726969,75.27486755,75.37546424,76.35016853,75.3824069
783.922,74.95834686,75.13806385,74.82556417,75.22115541,75.3251491,76.30095962,75.33382173
783.44,74.90658535,75.08444933,74.77389435,75.16921242,75.27140109,76.25353821,75.28180094
782.958,74.85830685,75.02914544,74.72226021,75.11557568,75.21769143,76.20263693,75.22981607
782.475,74.80661442,74.97215597,74.66722309,75.06024887,75.16055875,76.15001619,75.17267417
781.993,74.75323641,74.91175989,74.61050852,75.00150877,75.10001089,76.09392745,75.1138461
781.511,74.69473658,74.84796551,74.54868721,74.93936349,75.03432845,76.03437843,75.04815156
781.029,74.63284548,74.78078159,74.48348695,74.87382155,74.9652511,75.96962803,74.98078795
780.547,74.56757162,74.70849712,74.41491671,74.80489196,74.89451281,75.90143731,74.90831016
780.065,74.49720858,74.63628253,74.34469772,74.73430498,74.82384126,75.83156169,74.83417927
779.583,74.42348454,74.5589872,74.26941447,74.6603463,74.74979398,75.76000593,74.75840036
779.101,74.34469772,74.48177193,74.19420745,74.58302605,74.67581997,75.68503219,74.68097857
778.618,74.26086438,74.39949711,74.11225028,74.50235485,74.5984837,75.60839168,74.60020141
778.136,74.17370966,74.31560197,74.02867905,74.4166302,74.51779577,75.52487237,74.51607995
777.654,74.0832455,74.22496475,73.93839177,74.32415836,74.43205335,75.43797118,74.42519822
777.172,73.98948424,74.13102413,73.84481384,74.2300922,74.34298589,75.34770001,74.33100418
776.69,73.8924387,74.03549766,73.74795805,74.13273108,74.24889591,75.2540712,74.2335107
776.208,73.79382127,73.93668929,73.64953344,74.03379295,74.14980274,75.15882813,74.13273108
775.726,73.69363857,73.83631263,73.54954663,73.93328446,74.04913676,75.0637056,74.03038364
775.244,73.59189734,73.73267665,73.44800433,73.83291242,73.94520206,74.96697725,73.92647527
774.762,73.48522022,73.62579546,73.3415358,73.72928122,73.83631263,74.86864962,73.81931315
774.279,73.37193962,73.51568361,73.23184907,73.62240495,73.72249081,74.76528618,73.70891188
773.797,73.25208657,73.39897582,73.11390835,73.50891287,73.60375991,74.65690814,73.59359187
773.315,73.12737767,73.27739132,72.99111535,73.39052594,73.48014422,74.54353775,73.47168499
772.833,72.99783839,73.15263933,72.86349518,73.26726837,73.35166901,74.42348454,73.34660223
772.351,72.86517294,73.02305531,72.73274859,73.14084947,73.22004644,74.29849214,73.21667461
771.869,72.73274859,72.89202241,72.59889324,73.0096052,73.08697715,74.17029392,73.08529428
771.387,72.59889324,72.75619864,72.46361568,72.87691836,72.95246989,74.0389072,72.95079011
770.905,72.46361568,72.61895583,72.32525941,72.73944783,72.81485684,73.90434972,72.81318024
770.422,72.32692478,72.4769652,72.18384304,72.59889324,72.67415654,73.76663962,72.67415654
769.94,72.18882949,72.33025563,72.03938557,72.45527348,72.53038788,73.62749078,72.53038788
769.458,72.04767988,72.18218096,71.89190637,72.30860782,72.38523689,73.48860442,72.38523689
768.976,71.90515056,72.0327508,71.74472909,72.15891593,72.238713,73.34829111,72.23704966
768.494,71.76125082,71.88362998,71.59455598,72.00953393,72.09082573,73.20824571,72.08750591
768.012,71.61599002,71.73316613,71.44305216,71.86046117,71.94158469,73.06846771,71.93827174
767.53,71.46773197,71.58136899,71.2902274,71.70839465,71.7926526,72.92559815,71.78769352
767.048,71.31649653,71.42824836,71.1328157,71.5550023,71.63908001,72.77798045,71.63248211
766.566,71.15738834,71.26889085,70.96921476,71.39700596,71.48089803,72.62397234,71.47266896
766.083,70.99373089,71.10661423,70.80272943,71.23443762,71.31813867,72.46361568,71.30992834
765.601,70.82392642,70.93980658,70.63175543,71.07060296,71.15247314,72.30028346,71.14264374
765.119,70.65452808,70.77176064,70.45957187,70.90551243,70.98555791,72.13565839,70.97575157
764.637,70.48715793,70.60411278,70.28942652,70.74243428,70.81903424,71.97306539,70.81088137
764.155,70.32180345,70.43848394,70.12292124,70.58135637,70.65615498,71.81249239,70.64802086
763.673,70.16006779,70.27486177,69.95842122,70.42064523,70.49365034,71.65557742,70.48878098
763.191,69.99870411,70.11161967,69.79591418,70.26191785,70.3331389,71.50065166,70.32990002
762.709,69.83771156,69.94875677,69.63218128,70.10354824,70.17299295,71.34606087,70.17299295
762.226,69.67708928,69.78466532,69.46883248,69.94392505,70.01159954,71.19016508,70.01482377
761.744,69.51523576,69.62256191,69.30586687,69.78627219,69.85057733,71.03788127,69.8570111
761.262,69.35695214,69.46403391,69.1464678,69.63218128,69.69313487,70.88755545,69.70115905
760.78,69.20221573,69.31065451,68.99378961,69.48323018,69.54245209,70.7440632,69.55045892
760.298,69.05259436,69.16557631,68.84778936,69.33938733,69.3952908,70.60736429,69.40168264
759.816,68.90805632,69.02398038,68.70842605,69.20062231,69.25481923,70.47579766,69.2580086
759.334,68.76540418,68.88426043,68.56934485,69.06213499,69.11463201,70.34609594,69.11781492
758.852,68.62304737,68.74640623,68.43212087,68.92392481,68.97472855,70.21663292,68.97631677
758.37,68.48098525,68.60566842,68.29359897,68.78282359,68.83193839,70.08579435,68.83510829
757.887,68.33921723,68.46521874,68.15378816,68.64043071,68.69102549,69.95197811,68.69577066
757.405,68.19931302,68.32505658,68.01582966,68.49990986,68.55040106,69.81680975,68.55671507
756.923,68.06282957,68.18832148,67.88127641,68.36439897,68.41321499,69.68511162,68.4210918
756.441,67.92974745,68.05499399,67.74854928,68.23386941,68.27944777,69.55526347,68.28888158
755.959,67.80004779,67.92349118,67.61919559,68.10829368,68.15064963,69.42885451,68.15692683
755.477,67.67059577,67.79224247,67.49008887,67.98294905,68.02209444,69.30427106,68.0267934
754.995,67.54294612,67.65968944,67.36122865,67.8578351,67.89221846,69.17991117,67.89534508
754.513,67.41398499,67.52739558,67.23106641,67.73139181,67.76259045,69.05736451,67.76415076
754.031,67.2868194,67.39691224,67.10424586,67.60674082,67.63476728,68.93662224,67.63320995
753.548,67.16453309,67.27132782,66.98074905,67.48542698,67.51029411,68.82084489,67.50873965
753.066,67.04864415,67.15370832,66.86517722,67.36898435,67.39225679,68.71159027,67.39225679
752.584,66.94066155,67.04246902,66.7574901,67.25893713,67.28062234,68.6088279,67.28217155
752.102,66.83593069,66.93757889,66.65458058,67.15370832,67.17381285,68.51095163,67.17690639
751.62,66.73136369,66.83439176,66.55336213,67.05018802,67.06871723,68.41321499,67.07489477
751.138,66.62542617,66.72982717,66.44923722,66.94374435,66.96224415,68.31404477,66.97149596
750.656,66.51659355,66.62235802,66.34221998,66.83439176,66.8544007,68.21187696,66.86363761
750.174,66.40488058,66.5119989,66.23079986,66.72214505,66.74519404,68.10672544,66.75441587
749.691,66.29335523,66.40182259,66.11956687,66.61162063,66.63770016,68.00173602,66.643838
749.209,66.18506504,66.29335523,66.0085207,66.5058732,66.53191132,67.90003529,66.5349753
748.727,66.07847325,66.18658903,65.90069579,66.40182259,66.42934955,67.80004779,66.42781997
748.245,65.97509132,66.07999478,65.79456198,66.30098797,66.32694587,67.70020753,66.32083722
747.763,65.87035439,65.97205312,65.68557409,66.19878217,66.22012558,67.59895775,66.21250214
747.281,65.76124095,65.85822174,65.57374689,66.09064647,66.10891052,67.4916429,66.09977787
746.799,65.64626174,65.73853175,65.45758826,65.97812965,65.99028439,67.37829236,65.98116813
746.317,65.52997466,65.61603748,65.33862638,65.86125469,65.86883769,67.26048584,65.8597382
745.835,65.41088122,65.49377146,65.21837896,65.74155919,65.74761449,67.14133929,65.73853175
745.352,65.29501109,65.37323852,65.10135081,65.62510329,65.62812551,67.02394706,65.61905928
744.87,65.18084705,65.25743508,64.98453266,65.51187056,65.51187056,66.911382,65.50282038
744.388,65.06688262,65.14333674,64.86941777,65.40033908,65.39582154,66.799006,65.38979864
743.906,64.95162186,65.02794055,64.75003388,65.28599088,65.27997809,66.68681872,65.27396586
743.424,64.83357951,64.90826491,64.62640531,65.1688414,65.15833827,66.57175405,65.15533769
742.942,64.70979143,64.78433423,64.49707211,65.04740867,65.03243267,66.45535771,65.03093526
742.46,64.58326545,64.6576625,64.36503356,64.92171742,64.90378136,66.33763738,64.90527585
741.978,64.4599553,64.53123846,64.23622343,64.79626904,64.77687609,66.22012558,64.78135087
741.495,64.33836201,64.40802764,64.11062341,64.67404135,64.65468498,66.10891052,64.66212905
741.013,64.22291296,64.28949288,63.99263599,64.55650348,64.53866832,66.00092163,64.54758528
740.531,64.10767108,64.17413152,63.87927817,64.44363067,64.42731017,65.89766103,64.43769546
740.049,63.99410949,64.05750217,63.76758944,64.33095521,64.31614416,65.79304702,64.32799273
739.567,63.8748657,63.93814026,63.65316459,64.21551945,64.20369161,65.68406164,64.21404085
739.085,63.7529081,63.81753129,63.53601906,64.09881489,64.08700854,65.57223702,64.09733898
738.603,63.62971822,63.69714983,63.41762886,63.98084919,63.96759164,65.4590955,63.979376
738.121,63.50822869,63.57992335,63.30091679,63.86457111,63.85133766,65.34765387,63.86163011
737.639,63.39426924,63.47021946,63.18732934,63.75437609,63.73676253,65.24241073,63.74997224
737.156,63.2863429,63.36799996,63.08120779,63.65023332,63.62825311,65.14333674,63.64290574
736.674,63.18296467,63.27177236,62.97671454,63.54918716,63.52285369,65.04740867,63.54040812
736.192,63.08120779,63.17423622,62.87384209,63.44976238,63.41762886,64.95461306,63.43953631
735.71,62.97671454,63.07394572,62.76824703,63.34611721,63.31257833,64.85746949,63.33736622
735.228,62.86805146,62.9694645,62.65994365,63.23972897,63.20333573,64.75599785,63.23099268
734.746,62.75668576,62.86081393,62.55038685,63.13206573,63.09428163,64.65319627,63.1247978
734.264,62.64840233,62.75379577,62.44389719,63.02458578,62.98831635,64.54907156,63.01878127
733.782,62.54174579,62.64984488,62.34189509,62.92163513,62.88687295,64.44956642,62.91728881
733.299,62.44102161,62.54894659,62.24435916,62.82463875,62.79137597,64.35465997,62.81885265
732.817,62.34333059,62.45108672,62.14697582,62.72779189,62.696024,64.26137294,62.72345896
732.335,62.24292595,62.34907288,62.04831612,62.62965221,62.59937541,64.16674363,62.62388407
731.853,62.1383905,62.24149277,61.94268121,62.52590695,62.49568031,64.06635266,62.51726928
731.371,62.02546088,62.12551473,61.83010728,62.41514733,62.38641071,63.95875481,62.40365109
730.889,61.90988539,62.00546946,61.71205378,62.29884571,62.27016264,63.84839727,62.28450252
730.407,61.79167957,61.8842312,61.59280744,62.1827608,62.15556234,63.73676253,62.16415004
729.925,61.67795986,61.76607437,61.47662257,62.0668922,62.04117295,63.62678803,62.04545875
729.443,61.56586703,61.65240178,61.36489564,61.95694568,61.931272,63.52139103,61.931272
728.96,61.45680804,61.5403554,61.25337177,61.84719393,61.82156572,63.41762886,61.82014224
728.478,61.34370462,61.42568383,61.14064275,61.73479353,61.7092119,63.30966274,61.70779101
727.996,61.22517005,61.30557921,61.01969043,61.61550325,61.58855291,63.1960596,61.58997106
727.514,61.09842287,61.17725691,60.89196653,61.48936385,61.4596383,63.07394572,61.4667145
727.032,60.96632263,61.04498622,60.75751461,61.35641836,61.32675707,62.94482059,61.33805492
726.55,60.83170653,60.91159895,60.62056782,61.22094091,61.19275411,62.81306709,61.20966463
726.068,60.70018294,60.77850314,60.48532242,61.0857626,61.0618559,62.68303268,61.08013665
725.586,60.56894373,60.64988755,60.35176838,60.95368972,60.93404374,62.55614822,60.95368972
725.104,60.43937992,60.52015059,60.21850924,60.82050194,60.80789926,62.4295206,60.82610398
724.621,60.30453875,60.38791012,60.08139392,60.68481048,60.67782429,62.30171474,60.69319498
724.139,60.16307148,60.24763451,59.93768983,60.54105712,60.54105712,62.16987583,60.55499882
723.657,60.01640811,60.10214889,59.78882245,60.39347231,60.39764429,62.03260224,60.41016195
723.175,59.86734521,59.95425352,59.63757833,60.24486007,60.25040908,61.89563175,60.26150864
722.693,59.72140275,59.80947634,59.49082615,60.10214889,60.10630074,61.76323,60.11875802
722.211,59.58541933,59.6760405,59.35400104,59.96806008,59.96944091,61.63962672,59.98186983
721.729,59.46069759,59.55387157,59.2297637,59.84804937,59.84253742,61.52760355,59.85769651
721.247,59.34716806,59.44016414,59.1153139,59.73790667,59.72690355,61.42426946,59.74203336
720.764,59.23931118,59.33350444,59.00787839,59.63208576,59.6142384,61.32534498,59.6307127
720.282,59.1343735,59.22567239,58.90063814,59.52782297,59.50452599,61.22798963,59.52234051
719.8,59.02826251,59.11803632,58.79359278,59.42374248,59.3950155,61.13078884,59.41553335
719.318,58.92505547,59.01195465,58.68809329,59.32120987,59.289802,61.03655312,59.31164919
718.836,58.82744683,58.91284554,58.58817903,59.22430869,59.19158917,60.94807594,59.21612711
718.354,58.73946681,58.82202887,58.49786286,59.13845849,59.10442546,60.86813568,59.13165032
717.872,58.65837127,58.74081935,58.41575579,59.06089175,59.02690335,60.79669906,59.05681211
717.39,58.58278311,58.66512495,58.33779365,58.98885956,58.95355515,60.72954118,58.98750131
716.908,58.5059452,58.58683001,58.2585941,58.91555864,58.88029809,60.65826722,58.91555864
716.425,58.42248154,58.50325096,58.17146483,58.83692946,58.80171597,60.58149689,58.83828425
715.943,58.33107765,58.41037575,58.07777903,58.75028801,58.71512638,60.49507229,58.7516408
715.461,58.23579385,58.31361967,57.98023884,58.65837127,58.62326464,60.40320737,58.65972194
714.979,58.14334323,58.21836439,57.88152968,58.56794689,58.53424217,60.3128707,58.56929548
714.497,58.05638632,58.12995677,57.79097213,58.48439478,58.45073814,60.2282161,58.48439478
714.015,57.97756881,58.04970272,57.70719967,58.40768591,58.37676171,60.15199005,58.4049962
713.533,57.90419123,57.9748989,57.62752927,58.33645039,58.3055639,60.08001051,58.32973455
713.051,57.83090651,57.8988583,57.54929398,58.2626186,58.23445294,60.00811711,58.25322853
712.568,57.75106532,57.8189233,57.46587185,58.1835211,58.15673277,59.93354963,58.17146483
712.086,57.66602289,57.73112226,57.37728575,58.09784185,58.06975584,59.85218367,58.08312843
711.604,57.57712826,57.64080003,57.28619804,58.00694587,57.98023884,59.76679949,57.99092017
711.122,57.48969439,57.55326948,57.19920597,57.91752569,57.89085983,59.68565991,57.9015247
710.64,57.4076805,57.47248823,57.11892168,57.83490147,57.80827364,59.61012054,57.81759198
710.158,57.33106375,57.39842822,57.04663082,57.76037445,57.73378094,59.54153134,57.7417577
709.676,57.25718599,57.32842362,56.97836724,57.69125678,57.66336733,59.47849898,57.67133437
709.194,57.18077009,57.25586761,56.90756459,57.62222182,57.59038741,59.41416528,57.59967063
708.712,57.09525277,57.17550379,56.82899817,57.54531875,57.51087828,59.34306864,57.52147315
708.229,57.00330022,57.08736532,56.74008734,57.46057929,57.42222281,59.26113977,57.4341238
707.747,56.90494396,56.99411312,56.64740242,57.37068033,57.3271036,59.17387364,57.3416255
707.265,56.80937352,56.90101324,56.5548689,57.2796031,57.23082415,59.08537551,57.25059439
706.783,56.71918737,56.81329791,56.46768716,57.19262104,57.13996894,58.99972671,57.16365639
706.301,56.63827268,56.73355528,56.38842963,57.11103095,57.05451264,58.92234193,57.08473641
705.819,56.5613804,56.65783822,56.31446985,57.03349686,56.97443145,58.84641362,57.00986335
705.337,56.48199136,56.57831379,56.23672226,56.95213377,56.89184262,58.77058315,56.93377753
704.855,56.39492196,56.49109591,56.15132387,56.86303029,56.80283347,58.68674196,56.85124764
704.372,56.29891174,56.39362343,56.05572837,56.76491606,56.70482311,58.59492463,56.76099502
703.89,56.19659473,56.28983816,55.95385332,56.66175214,56.60437507,58.49920984,56.66566633
703.408,56.09575531,56.18753764,55.85087738,56.5613804,56.50540603,58.40365139,56.57049775
702.926,56.00283337,56.09317206,55.75450957,56.46768716,56.41180552,58.31496241,56.48199136
702.444,55.91779016,56.00670205,55.6647163,56.3832363,56.32743823,58.23311205,56.39881772
701.962,55.83801872,55.92551602,55.57890677,56.30280086,56.2470824,58.15673277,56.31965685
701.48,55.75707722,55.84316183,55.48939631,56.2198911,56.16296146,58.07911633,56.23672226
700.998,55.66727982,55.75322579,55.39237674,56.13064077,56.07121928,57.99492618,56.14485958
700.516,55.5673902,55.65446343,55.28661494,56.02991969,55.96931607,57.90285795,56.04411299
700.033,55.46129424,55.54820122,55.17597294,55.9242283,55.86116644,57.80694257,55.93839483
699.551,55.3528517,55.44469516,55.06808828,55.81873628,55.75579338,57.71118608,55.8341617
699.069,55.25098183,55.34775375,54.96800816,55.72114089,55.65958963,57.62222182,55.73910616
698.587,55.15564911,55.26116037,54.87821793,55.63140136,55.57250838,57.5413438,55.6519005
698.105,55.06555236,55.18105507,54.7948825,55.54692219,55.49195175,57.4632255,55.57122879
697.623,54.97433695,55.09979715,54.71167362,55.46129424,55.41023601,57.38257064,55.48811864
697.141,54.87695433,55.00979164,54.62104441,55.36942328,55.31972341,57.29279373,55.39620325
696.659,54.77217663,54.91108182,54.52177673,55.26752292,55.22172896,57.19393797,55.29298041
696.177,54.66508151,54.80497702,54.41893021,55.1619995,55.11629298,57.08867982,55.18232568
695.694,54.56070835,54.69907725,54.31752839,55.05921307,55.01359172,56.98623963,55.07062432
695.212,54.46531253,54.60092498,54.22380629,54.96421124,54.91740406,56.89184262,54.96674249
694.73,54.38009976,54.51047921,54.14021798,54.88074522,54.83148399,56.80806545,54.8719002
694.248,54.30002131,54.42394261,54.05924799,54.80371511,54.75074083,56.7296364,54.78352839
693.766,54.21631551,54.33504111,53.97342773,54.7242729,54.66759899,56.65001119,54.6952989
693.284,54.12276805,54.23754207,53.87781814,54.6373969,54.57452947,56.56268279,54.60092498
692.802,54.01694271,54.12899952,53.7687574,54.53935531,54.47158344,56.46638696,54.49792915
692.32,53.90635909,54.01445519,53.65250454,54.4339688,54.36257252,56.36506342,54.39262269
691.837,53.79847932,53.9026355,53.53773578,54.33128791,54.25627829,56.26651281,54.29126988
691.355,53.70194309,53.80095689,53.43305434,54.23629322,54.16141475,56.17718846,54.20008904
690.873,53.61792464,53.71307304,53.34085835,54.15143876,54.07792262,56.0996304,54.12027566
690.391,53.54143416,53.63274187,53.25863115,54.07169703,54.00326279,56.02862957,54.04804631
689.909,53.46382173,53.55253084,53.17530628,53.99207271,53.92622259,55.9577186,53.97218496
689.427,53.37771764,53.46382173,53.08599967,53.9026355,53.84061351,55.87789021,53.88650292
688.945,53.28070958,53.36665718,52.98830165,53.80219572,53.74276418,55.78918281,53.78857019
688.463,53.17897962,53.26476312,52.88713,53.69823362,53.63644682,55.69292145,53.68463442
687.981,53.07866607,53.16551192,52.78979798,53.59817471,53.53403765,55.59938657,53.58089948
687.498,52.98830165,53.0774439,52.705993,53.5106221,53.4404369,55.51495601,53.4884484
687.016,52.91027271,53.00050406,52.63443919,53.43551508,53.35928481,55.44341851,53.40722341
686.534,52.83965824,52.92976917,52.57145536,53.36911486,53.28561714,55.3783485,53.33348955
686.052,52.76549297,52.85669448,52.50491987,53.30034253,53.21082593,55.31335485,53.25985748
685.57,52.68051355,52.77156818,52.42880995,53.22062863,53.12635256,55.23826129,53.17775515
685.088,52.58356178,52.67323597,52.33834673,53.12879917,53.03102239,55.15310915,53.08477733
684.606,52.47712091,52.56782398,52.24082178,53.02858028,52.92855043,55.06048087,52.98464148
684.124,52.37330732,52.46624706,52.14587989,52.92976917,52.82992571,54.96927386,52.88834778
683.641,52.27932842,52.37692526,52.06189836,52.84209165,52.74241359,54.8883278,52.8031705
683.159,52.1975357,52.30220517,51.99002186,52.76670796,52.66959756,54.81886002,52.7302706
682.677,52.12427171,52.23601044,51.92422223,52.6987119,52.60414909,54.7557838,52.66474673
682.195,52.04751512,52.16869825,51.85492375,52.62959161,52.53636251,54.68900223,52.59688206
681.713,51.96129904,52.09067678,51.77260291,52.55088085,52.45899908,54.61224124,52.51942952
681.231,51.86208827,51.99840233,51.67494226,52.46020701,52.36848378,54.52177673,52.42880995
680.749,51.75472437,51.89792571,51.57152809,52.36366069,52.2696991,54.42519578,52.33232141
680.267,51.65233987,51.80002866,51.47069115,52.27090267,52.17350338,54.33128791,52.23841605
679.785,51.56321642,51.71303179,51.38543058,52.19272835,52.08947736,54.24878302,52.15668734
679.302,51.48965715,51.64163693,51.31566957,52.12787245,52.01876054,54.18137223,52.08827797
678.82,51.42685903,51.57865346,51.25780446,52.0714894,51.95770981,54.12276805,52.02834364
678.338,51.36295482,51.51456062,51.19764681,52.01277201,51.89553577,54.0629824,51.96608508
677.856,51.28968124,51.44107076,51.12578625,51.94096332,51.82150242,53.99331594,51.89314595
677.374,51.20472051,51.35467676,51.03757134,51.8525358,51.73566074,53.91256565,51.80718559
676.892,51.11283853,51.2625257,50.94012426,51.75591608,51.64401517,53.82573885,51.71422254
676.41,51.02699579,51.17407485,50.84520469,51.66066591,51.55728032,53.74276418,51.62380362
675.928,50.95420148,51.09989409,50.76214905,51.57746583,51.48610049,53.67474625,51.54659708
675.445,50.89674397,51.04109701,50.69556878,51.50981617,51.42922738,53.62162857,51.48254408
674.963,50.84754625,50.99058564,50.63840291,51.45054743,51.38069802,53.57719837,51.42685903
674.481,50.79371759,50.93543272,50.58013685,51.38898028,51.3274868,53.52910721,51.36650297
673.999,50.72709591,50.8651114,50.51030605,51.31566957,51.25898473,53.46874616,51.29440541
673.517,50.64423321,50.77851548,50.42663635,51.22948618,51.17289653,53.39246849,51.20707863
673.035,50.55452102,50.68389704,50.33615056,51.13991478,51.07636714,53.31016172,51.11519242
672.553,50.46961595,50.59644458,50.25276935,51.05872903,50.98588945,53.23288454,51.02934572
672.071,50.40341937,50.52775471,50.18801279,50.99763074,50.91315379,53.17408188,50.96476195
671.589,50.358177,50.48240074,50.145273,50.95889475,50.8639402,53.13858676,50.9225332
671.106,50.32919685,50.45334909,50.11756935,50.93660556,50.83232802,53.11901339,50.89674397
670.624,50.30139159,50.42779748,50.08872766,50.91315379,50.80541462,53.10311533,50.8709678
670.142,50.25855524,50.38833407,50.04261548,50.87213916,50.76331791,53.07255552,50.83115758
669.66,50.18801279,50.31876808,49.96662316,50.79956577,50.69556878,53.01515067,50.76214905
669.178,50.08411453,50.21691165,49.85514687,50.68973257,50.59411458,52.92367575,50.65939513
668.696,49.95741982,50.08988101,49.72101664,50.55568509,50.47077807,52.80560223,50.5324087
668.214,49.82875085,49.95972049,49.5895309,50.4219921,50.34658294,52.68293964,50.40457996
667.732,49.71987178,49.84940741,49.48573214,50.3152923,50.24235641,52.57871888,50.29791701
667.25,49.63636849,49.76339483,49.41172321,50.24467021,50.16490568,52.50129308,50.21922428
666.767,49.56784066,49.69240315,49.35600505,50.19379123,50.10141596,52.44329856,50.1568207
666.285,49.50054722,49.62379796,49.30148491,50.14873703,50.04031098,52.3901932,50.09910876
665.803,49.4310687,49.55186445,49.24135555,50.09910876,49.97467748,52.33593652,50.03800659
665.321,49.3616877,49.48117454,49.17790232,50.04607242,49.91027928,52.28173603,49.97697895
664.839,49.30034972,49.41855017,49.12244782,49.99769697,49.85285101,52.23240223,49.92522146
664.357,49.2526951,49.37191811,49.07948534,49.95626952,49.80924972,52.19393015,49.88385406
663.875,49.21641774,49.33782498,49.04898221,49.92292237,49.77714686,52.16269245,49.85399893
663.393,49.18243198,49.30943201,49.02301301,49.88844875,49.74850108,52.13147344,49.8264562
662.91,49.13715414,49.2708438,48.98803281,49.84252094,49.70956927,52.09187623,49.78746338
662.428,49.07383519,49.21415129,48.93279241,49.77829304,49.65008542,52.03313584,49.72674131
661.946,48.98916081,49.13602273,48.85736042,49.6958359,49.56898201,51.95651345,49.64665583
661.464,48.89449895,49.04898221,48.76856761,49.60780372,49.47775662,51.8728369,49.55528749
660.982,48.80788627,48.96773317,48.68105707,49.52790979,49.39124801,51.7940653,49.46978239
660.5,48.74050224,48.90575862,48.61049013,49.47092149,49.32646583,51.73327828,49.40148455
660.018,48.69787381,48.86636111,48.55902968,49.43562168,49.28559455,51.69160297,49.35600505
659.536,48.66872848,48.83936402,48.51991149,49.41172321,49.25950008,51.66185546,49.3219229
659.054,48.6373607,48.80563863,48.47635978,49.37873957,49.23228579,51.62736979,49.28219014
658.571,48.58699056,48.75172645,48.41612192,49.3219229,49.18696206,51.57509065,49.22548457
658.089,48.51432576,48.67096981,48.33480825,49.23682046,49.11792368,51.50270032,49.14620637
657.607,48.42615636,48.57580428,48.24363244,49.13602273,49.03204422,51.41857067,49.05462951
657.125,48.34148641,48.48417387,48.15817272,49.03768957,48.94518789,51.33930675,48.96773317
656.643,48.27363474,48.41166284,48.09279305,48.95645923,48.87311271,51.27905345,48.90012846
656.161,48.2258621,48.36264001,48.05073111,48.8990025,48.8180019,51.23774406,48.85398559
655.679,48.18701231,48.32701822,48.01865596,48.85398559,48.77305956,51.20707863,48.81687784
655.197,48.1393254,48.28363965,47.97555417,48.8033911,48.72030518,51.16818355,48.76969056
654.714,48.06843691,48.21586917,47.90490685,48.72928062,48.64520075,51.10342407,48.69338878
654.232,47.96892656,48.11826948,47.80243284,48.62952192,48.54449639,51.00937473,48.58699056
653.75,47.85419335,48.00207377,47.67821635,48.51320868,48.42950164,50.89557204,48.46185122
653.268,47.74193311,47.88836394,47.55213273,48.40386043,48.32034206,50.77968471,48.33814721
652.786,47.65187567,47.79582915,47.44604321,48.31700432,48.23252521,50.68039604,48.23585711
652.304,47.5882791,47.72984236,47.3641775,48.25807566,48.17259036,50.6011049,48.16149948
651.822,47.53680621,47.68150996,47.29769757,48.21586917,48.12602585,50.53473586,48.10497574
651.34,47.47773587,47.62774284,47.22804844,48.1681537,48.07175748,50.46496774,48.04519938
650.858,47.39145036,47.54884806,47.13570423,48.09279305,47.9921272,50.37673306,47.96450866
650.375,47.27047866,47.43948875,47.01538534,47.9854973,47.88064587,50.26434181,47.85860109
649.893,47.12593718,47.30967885,46.88025874,47.85639717,47.74852936,50.1418092,47.73753612
649.411,46.98183767,47.18022417,46.7509026,47.72544648,47.61787383,50.02533435,47.62445294
648.929,46.85759561,47.07388044,46.64445252,47.615681,47.50835576,49.9332691,47.53680621
648.447,46.76059191,46.99590314,46.56611432,47.53242811,47.42747459,49.867776,47.47882909
647.965,46.68098378,46.93534343,46.50289603,47.46571202,47.36308691,49.81498455,47.43948875
647.483,46.59936514,46.86946541,46.43334812,47.39472416,47.29443047,49.75422892,47.39145036
647.001,46.49861315,46.77997657,46.33722269,47.30205405,47.20304334,49.66838056,47.31621538
646.518,46.37778469,46.66056573,46.21362118,47.18348337,47.08580503,49.55300544,47.20630413
646.036,46.24981501,46.52431634,46.07655492,47.054374,46.95696293,49.42424002,47.07496437
645.554,46.14131845,46.398079,45.95364871,46.93966654,46.84249294,49.30829663,46.94831394
645.072,46.0723113,46.30309274,45.86696458,46.86191155,46.76382213,49.22888507,46.85004367
644.59,46.04579758,46.24768518,45.82262873,46.82631691,46.72507423,49.19262524,46.78751722
644.108,46.04367714,46.2178778,45.80258612,46.81769198,46.71001427,49.1858295,46.7509026
643.626,46.03625638,46.18808964,45.77938984,46.80691305,46.6906586,49.18356446,46.71431662
643.144,45.99811133,46.13388195,45.72566182,46.77028324,46.64015661,49.15978785,46.65734264
642.662,45.91768665,46.04685784,45.63520439,46.6971096,46.55003373,49.10661517,46.57362049
642.179,45.8120789,45.940953,45.52186013,46.6036573,46.43655573,49.03317324,46.47720468
641.697,45.70671404,45.84268012,45.41820853,46.51681811,46.32655438,48.96209588,46.39487404
641.215,45.63100143,45.77833574,45.35132708,46.46222461,46.24875008,48.91702088,46.35002791
640.733,45.594242,45.75515174,45.33253442,46.44724938,46.21362118,48.90350648,46.35002791
640.251,45.58269515,45.75620531,45.345062,46.45366674,46.20723697,48.90688473,46.37564896
639.769,45.5680034,45.75093773,45.35654865,46.45152752,46.19872606,48.89787658,46.39166931
639.287,45.52605304,45.71197652,45.33462211,46.41303838,46.16044639,48.85398559,46.36817469
638.805,45.44854666,45.63205213,45.26994845,46.32868785,46.08504331,48.77081353,46.29563017
638.323,45.35341563,45.52710133,45.17727171,46.21894202,45.98858,48.66424613,46.18915317
637.84,45.27411816,45.43285199,45.08893735,46.11688873,45.90288692,48.56909374,46.08185998
637.358,45.23556301,45.37953067,45.03705666,46.05534076,45.85957229,48.51432576,46.00658527
636.876,45.24285471,45.37535126,45.03083499,46.04261696,45.86485238,48.50874066,45.97269885
636.394,45.27411816,45.40043353,45.05157723,46.06064339,45.8986593,48.53220239,45.96634793
635.912,45.28975799,45.41820853,45.06402716,46.07018964,45.92403085,48.55232147,45.95470685
635.43,45.26056802,45.39520692,45.03809369,46.03943656,45.90817199,48.53555499,45.90922908
634.948,45.17935225,45.32418463,44.96452397,45.95682319,45.84373569,48.47524358,45.82262873
634.466,45.06921565,45.2261897,44.86524049,45.8447913,45.7519912,48.38937358,45.71723961
633.983,44.97177198,45.14191722,44.77957836,45.74251087,45.67304849,48.31255437,45.63100143
633.501,44.92002611,45.1045132,44.73938398,45.68251442,45.63940774,48.27696947,45.59634174
633.019,44.9220948,45.11905552,44.7527781,45.67620359,45.66148169,48.29031074,45.61734447
632.537,44.95106648,45.16271063,44.79298451,45.70039986,45.71197652,48.32813101,45.66989362
632.055,44.96555933,45.18871586,44.81877685,45.71408169,45.74988429,48.3537321,45.70881896
631.573,44.93037052,45.16063085,44.79298451,45.68356631,45.73513865,48.3325824,45.6972431
631.091,44.83838896,45.0681779,44.70746034,45.59844158,45.65937895,48.25585335,45.62364717
630.609,44.71466692,44.93657831,44.58717944,45.48099947,45.54282854,48.14597655,45.50928371
630.127,44.60566311,44.81258533,44.47541406,45.37430646,45.43075978,48.04519938,45.39520692
629.644,44.55126089,44.73835383,44.41401143,45.31583638,45.36385985,47.99102215,45.32418463
629.162,44.56152038,44.73114344,44.41605682,45.32001031,45.35654865,47.99654764,45.30853291
628.68,44.60977163,44.77029953,44.45493709,45.36177081,45.38789066,48.03966829,45.32940307
628.198,44.64882148,44.8094899,44.48360749,45.39625219,45.41402555,48.07729226,45.345062
627.716,44.63237527,44.80536298,44.45800803,45.38266549,45.39311644,48.06954374,45.31687982
627.234,44.54715776,44.73835383,44.36188585,45.30748966,45.30853291,47.99875802,45.23243836
626.752,44.41912508,44.63134759,44.22012847,45.19495934,45.18247324,47.88615865,45.11593892
626.27,44.29961991,44.530749,44.08389913,45.09620541,45.06506481,47.7727234,45.01528458
625.787,44.24049728,44.48463177,44.00682133,45.05572683,45.00181189,47.70567004,44.97591422
625.305,44.25781815,44.50819683,44.01087469,45.08997557,45.01217514,47.70127639,45.01217514
624.823,44.3261488,44.57486125,44.07171998,45.16895052,45.06921565,47.73973457,45.09516704
624.341,44.38334191,44.62826467,44.13468182,45.23139685,45.11801663,47.77162341,45.16583046
623.859,44.37618874,44.61388053,44.14586186,45.224107,45.10866767,47.75402693,45.17103067
623.377,44.28636142,44.51537128,44.08795959,45.13256331,45.02357746,47.67382523,45.09620541
622.895,44.14586186,44.36290733,43.9865601,44.98834325,44.89314179,47.56089297,44.969701
622.413,44.01492843,44.21809211,43.90055392,44.85800965,44.77854729,47.4722701,44.85491107
621.931,43.95517364,44.14179607,43.88438333,44.80329966,44.73320344,47.45915484,44.81052168
621.448,43.98554729,44.15501128,43.95314947,44.84355146,44.77339226,47.53899541,44.85594391
620.966,44.07171998,44.22725649,44.0707052,44.9458916,44.86214141,47.67382523,44.95520682
620.484,44.14281248,44.29248023,44.16721344,45.03705666,44.92933597,47.79803028,45.04327919
620.002,44.13773064,44.28942072,44.18247089,45.05157723,44.91278644,47.84758251,45.05572683
619.52,44.03824467,44.19875131,44.09811239,44.96348864,44.79814179,47.80243284,44.97384305
619.038,43.88337287,44.05751523,43.95416154,44.8094899,44.62723708,47.68919593,44.83529174
618.556,43.7501957,43.93999468,43.82682402,44.66218848,44.47951059,47.57622726,44.71054873
618.074,43.70891238,43.91167465,43.78446022,44.59231302,44.43037717,47.52257886,44.66835922
617.591,43.77841159,43.98959869,43.84398293,44.62312695,44.50204822,47.54884806,44.72496403
617.109,43.90864144,44.12350461,43.95719789,44.71466692,44.64676537,47.62006677,44.83735653
616.627,44.01188809,44.22623813,44.04027275,44.7847341,44.7764852,47.66394668,44.92106044
616.145,44.01290151,44.22420148,44.02202337,44.76308399,44.8115535,47.62116327,44.90658194
615.663,43.89347855,44.0991278,43.88640433,44.63648626,44.73011348,47.48101563,44.77854729
615.181,43.70287419,43.90156478,43.68778236,44.45186636,44.57383489,47.28898581,44.58717944
614.699,43.528129,43.72300474,43.5161034,44.30063996,44.43037717,47.12485208,44.41912508
614.217,43.44902147,43.63952351,43.44802103,44.25578005,44.37516695,47.054374,44.34758757
613.735,43.48204889,43.67470699,43.49807122,44.33635645,44.42833112,47.0912263,44.38947412
613.252,43.57927491,43.77941963,43.61340556,44.48872915,44.54305501,47.1867428,44.49180243
612.77,43.65459867,43.86922882,43.70086165,44.62312695,44.63340298,47.26068369,44.56562484
612.288,43.63550435,43.87529,43.68577051,44.66218848,44.62723708,47.2454511,44.53997819
611.806,43.50808817,43.7804277,43.55219018,44.58512617,44.50819683,47.13027784,44.39969635
611.324,43.32314737,43.63449962,43.35308428,44.43651588,44.32104586,46.96128803,44.19366304
610.842,43.16582046,43.52011156,43.17675507,44.29452002,44.14992803,46.81661397,44.01290151
610.36,43.11019626,43.50508284,43.10027091,44.23133016,44.06664633,46.76274537,43.93291296
609.878,43.16979636,43.59834463,43.14097936,44.26393302,44.08795959,46.81445804,43.9723828
609.396,43.2952249,43.74515906,43.24739969,44.34554534,44.16924746,46.9202157,44.08288407
608.913,43.39802843,43.85407954,43.33112852,44.39458494,44.2252198,47.00239631,44.17535009
608.431,43.41002141,43.85609914,43.31915734,44.34860873,44.19162789,46.99157485,44.17636728
607.949,43.31716247,43.73710165,43.1926649,44.19569828,44.05447195,46.87486177,44.06664633
607.467,43.16482654,43.54918181,43.00015292,43.9885858,43.86215851,46.69495917,43.88842542
606.985,43.03680278,43.3780475,42.82525918,43.80967183,43.69884919,46.52967295,43.72401151
606.503,42.99619264,43.30020974,42.74250784,43.73105956,43.63449962,46.44511045,43.64756295
606.021,43.05563512,43.33212627,42.76908903,43.76934021,43.68476462,46.46329446,43.67973551
605.539,43.16283877,43.42701713,42.85781245,43.87427974,43.79857693,46.54253136,43.77941963
605.056,43.23445612,43.49807122,42.92694678,43.96327123,43.89145723,46.61116953,43.86821871
604.574,43.20659082,43.47804423,42.90915874,43.96833298,43.8904466,46.61009628,43.88034162
604.092,43.07150033,43.35308428,42.79273063,43.87326951,43.7804277,46.52431634,43.79857693
603.61,42.88446535,43.16979636,42.62653192,43.72501831,43.60436838,46.39594234,43.66364627
603.128,42.73266714,43.01500721,42.497169,43.60336436,43.44702061,46.29456418,43.55018458
602.646,42.689395,42.96155576,42.47564672,43.5752613,43.37904633,46.28070862,43.5261245
602.164,42.76810425,43.02689433,42.57846494,43.65560387,43.4240174,46.36390422,43.60236037
601.682,42.91706363,43.16283877,42.75333522,43.79353473,43.53715039,46.49861315,43.73609457
601.2,43.04374006,43.28027385,42.90915874,43.90156478,43.63952351,46.61009628,43.84398293
600.717,43.07447571,43.30419802,42.96650218,43.90864144,43.6606302,46.63371347,43.85912872
600.235,42.98926303,43.21256044,42.90323103,43.79555154,43.58228536,46.55753731,43.7673246
599.753,42.84005305,43.05365238,42.76318067,43.61340556,43.45302346,46.42800259,43.61842703
599.271,42.71889398,42.91805184,42.63732992,43.45302346,43.35907414,46.32655438,43.50007443
598.789,42.70610859,42.89137807,42.60298213,43.39602992,43.3780475,46.32335437,43.49206215
598.307,42.81934306,42.99520262,42.68546335,43.46603246,43.5261245,46.43227896,43.61139714
597.825,43.00312336,43.18073198,42.83314861,43.61139714,43.74918832,46.60151117,43.805637
597.343,43.15985729,43.35108784,42.95562081,43.73911586,43.95213743,46.74121529,43.98048355
596.86,43.20559596,43.42001808,42.97342812,43.76934021,44.05041457,46.78105374,44.05345757
596.378,43.11913103,43.35907414,42.86570788,43.67772403,44.01898254,46.69818486,43.99770262
595.896,42.94968668,43.20659082,42.68349765,43.51109371,43.90055392,46.54253136,43.85508933
595.414,42.79864308,43.05464374,42.52359762,43.36506483,43.78748484,46.40448957,43.71495141
594.932,42.75628862,42.98926303,42.47858093,43.32813542,43.76530909,46.36603941,43.66364627
594.45,42.85386528,43.04274895,42.57650418,43.42901706,43.86619855,46.45580606,43.73105956
593.968,43.03383001,43.17178445,42.76219602,43.61541408,44.03824467,46.62405045,43.87225931
593.486,43.18769245,43.27828076,42.92694678,43.7854684,44.18552301,46.77351413,43.99365047
593.004,43.21853089,43.27628777,42.96749153,43.84196389,44.21503774,46.81769198,44.00682133
592.521,43.0943168,43.13899269,42.84893183,43.75724797,44.09709701,46.72722605,43.88640433
592.039,42.87360476,42.92595836,42.62358748,43.58529603,43.88640433,46.5532494,43.68476462
591.557,42.67760112,42.7523508,42.40919218,43.44201888,43.69482457,46.40555809,43.51309752
591.075,42.62555042,42.72774765,42.32529561,43.43501742,43.6294763,46.38632858,43.47303892
590.593,42.75431966,42.87854105,42.41505163,43.59432926,43.72401151,46.52645891,43.59232171
590.111,42.99520262,43.13104693,42.61966189,43.84600207,43.91268576,46.76274537,43.79958544
589.629,43.21355546,43.34909149,42.81638531,44.06055872,44.07171998,46.97426571,43.96732058
589.147,43.29323113,43.41701884,42.89532869,44.12452061,44.09506631,47.05870806,43.9885858
588.664,43.19763793,43.30020974,42.82328705,44.00682133,43.95314947,46.98183767,43.83489797
588.182,42.9902529,43.063567,42.65795188,43.77437963,43.71193179,46.80260217,43.57325463
587.7,42.8015996,42.83906664,42.5206603,43.56021353,43.50207772,46.63586109,43.33412183
587.218,42.7602268,42.75530413,42.52653515,43.49406508,43.44602022,46.5940005,43.24441237
586.736,42.91113482,42.86373388,42.70807532,43.62043578,43.58429245,46.71539227,43.35008965
586.254,42.96551285,42.93683222,42.79076,43.715958,43.69080031,46.71754365,43.43601756
585.772,43.03779375,43.00906487,42.86274692,43.79756845,43.75825552,46.73691046,43.52011156
585.29,43.10324828,43.0586094,42.913111,43.84903095,43.7733717,46.75843856,43.58228536
584.808,43.13899269,43.07745129,42.93683222,43.8651885,43.740123,46.76382213,43.62144019
584.325,43.13601286,43.07348389,42.93782088,43.85206003,43.67973551,46.74552051,43.65158322
583.843,43.10324828,43.06852516,42.92991217,43.83187006,43.62344908,46.7121654,43.697843
583.361,43.063567,43.08836351,42.92991217,43.82581489,43.60436838,46.67990892,43.78244391
582.879,43.03085744,43.13700612,42.93880958,43.8429734,43.62646258,46.66164014,43.89954308
582.397,43.00015292,43.19167037,42.93782088,43.86720862,43.66364627,46.65197132,44.01391496
581.915,42.95759904,43.21554556,42.90026748,43.87630028,43.67973551,46.64015661,44.08288407
581.433,42.89730414,43.18470925,42.81934306,43.86013863,43.65158322,46.62190338,44.08491421
580.951,42.82032902,43.09630142,42.69922573,43.82177857,43.57827147,46.60043814,44.01796898
580.469,42.73857129,42.96452354,42.55592159,43.7733717,43.48204889,46.5843457,43.90257566
579.986,42.68251484,42.83314861,42.43068079,43.74314457,43.40502393,46.59507338,43.78446022
579.504,42.68742913,42.75431966,42.37405247,43.76430137,43.39403151,46.65089713,43.71193179
579.022,42.76515003,42.75530413,42.40919218,43.84196389,43.45802646,46.7530556,43.71394485
578.54,42.88742781,42.81244195,42.50695546,43.94201824,43.56021353,46.86946541,43.77034805
578.058,43.01302634,42.88446535,42.61966189,44.0240507,43.64957304,46.96669496,43.8429734
577.576,43.10920362,42.93090068,42.70807532,44.06055872,43.69381847,47.0207985,43.89347855
577.094,43.15786975,42.92595836,42.74152367,44.03621668,43.67571265,47.02621228,43.889436
576.612,43.15190768,42.86175998,42.70905872,43.94808947,43.59734075,46.98508318,43.81370704
576.129,43.11416704,42.76219602,42.63340306,43.81673369,43.48405136,46.9202157,43.68375875
575.647,43.08340307,42.6717054,42.56768185,43.68677642,43.37604991,46.86622789,43.54817906
575.165,43.08241105,42.61966189,42.54612385,43.58529603,43.30320091,46.83817879,43.45102242
574.683,43.10622585,42.60690619,42.56866202,43.52111366,43.27628777,46.83710031,43.40102636
574.201,43.15786975,42.62849499,42.62849499,43.50007443,43.29422801,46.86730704,43.40102636
573.719,43.24540812,42.68054928,42.72774765,43.52913129,43.35208605,46.93858572,43.45202293
573.237,43.36706191,42.74447625,42.85090514,43.59533307,43.4260172,47.04245737,43.54216308
572.755,43.49907281,42.79174531,42.9684809,43.66766802,43.48305011,47.16067365,43.64655794
572.273,43.59934853,42.82230102,43.05960088,43.7330735,43.52913129,47.27700977,43.76228599
571.79,43.73710165,42.86965614,43.1668144,43.7884931,43.58429245,47.38708565,43.86417848
571.308,43.86316848,42.94770882,43.27429487,43.83691669,43.66867352,47.47773587,43.95213743
570.826,43.94808947,43.03878475,43.3560791,43.85306978,43.76430137,47.5291448,43.99365047
570.344,43.97947088,43.11913103,43.39602992,43.83086081,43.84701167,47.54118471,43.97643299
569.862,43.99365047,43.17874348,43.41801856,43.78345205,43.91571925,47.53571164,43.90661942
569.38,43.98149625,43.21256044,43.43001706,43.73609457,43.98250898,47.53461711,43.8147159
568.898,43.90560845,43.21256044,43.41701884,43.69884919,44.05244321,47.5422794,43.73206652
568.416,43.86013863,43.19664328,43.42001808,43.67068458,44.11233023,47.56855949,43.65660909
567.933,43.97137031,43.30818667,43.55419588,43.81774262,44.28126306,47.68809786,43.75321796
567.451,43.9906116,43.34210501,43.59332547,43.85912872,44.34554534,47.74413176,43.80059398
566.969,44.01796898,43.38004518,43.6013564,43.88539382,44.3680151,47.77382342,43.85912872
566.487,44.03824467,43.4030251,43.56623201,43.87529,44.34248216,47.76282436,43.8904466
566.005,44.05244321,43.41002141,43.51409945,43.84701167,44.29655991,47.72544648,43.89145723
565.523,44.06258783,43.4030251,43.47103696,43.83388864,44.26087548,47.67492297,43.87731058
565.041,44.06360242,43.38503978,43.45202293,43.85508933,44.25068521,47.62445294,43.86316848
564.559,44.06055872,43.3770487,43.46903509,43.92482096,44.28228268,47.59485412,43.88135201
564.077,44.07273478,43.41102097,43.53915539,44.04838602,44.36495037,47.61348827,43.96428353
563.594,44.10318967,43.48705523,43.64555295,44.18959284,44.47643816,47.67821635,44.10826753
563.112,44.12756873,43.57425795,43.74918832,44.29553995,44.56972967,47.75952513,44.27106809
562.63,44.13264939,43.65057812,43.81976054,44.3435032,44.62929228,47.83105939,44.42014788
562.148,44.11740915,43.7169646,43.85811884,44.35575745,44.67658819,47.88836394,44.55228674
561.666,44.10318967,43.77639556,43.87225931,44.36086439,44.72908355,47.92697295,44.65396216
561.184,44.10420519,43.83287934,43.82379668,44.35473614,44.73423347,47.88946662,44.69510892
560.702,43.99263749,43.86316848,43.721998,44.38334191,44.8094899,47.87182674,44.73526352
560.22,43.95517364,43.94910143,43.65057812,44.48668041,44.92726694,47.8762361,44.79917332
559.737,43.97947088,44.06055872,43.60236037,44.59950104,45.03394572,47.8773385,44.86317441
559.255,44.03418878,44.1621288,43.56021353,44.66218848,45.08167045,47.84978602,44.90141217
558.773,44.10826753,44.26801006,43.55620167,44.71569652,45.13672036,47.84648079,44.97487863
558.291,44.06664633,44.28330233,43.46002782,44.62209947,45.06402716,47.75952513,44.97487863
557.809,44.12553662,44.31390272,43.40902187,44.51127146,44.9531366,47.67053215,44.97798549
557.327,44.18857535,44.34248216,43.37604991,44.40174108,44.84045389,47.60143004,45.01528458
556.845,44.25476103,44.37312345,43.3780475,44.33125233,44.74865641,47.57294092,45.09932065
556.363,44.31900484,44.40583082,43.4240174,44.32921085,44.69819646,47.60033399,45.22306569
555.881,44.35780016,44.41912508,43.47904536,44.38436389,44.6745308,47.66284919,45.3440179
555.398,44.3506511,44.38027613,43.48505263,44.42628517,44.62620951,47.69907971,45.39416167
554.916,44.27004873,44.29146037,43.41102097,44.4211707,44.54305501,47.68150996,45.37012753
554.434,44.1580615,44.19061035,43.29921273,44.38845203,44.45186636,47.62883952,45.31270618
553.952,44.07374961,44.11944088,43.21256044,44.37414519,44.39151838,47.58060939,45.26265239
553.47,44.05041457,44.11029883,43.19167037,44.42219355,44.39867402,47.57294092,45.25744163
552.988,44.11639332,44.19264545,43.26931302,44.56870343,44.50819683,47.63542014,45.33462211
552.506,44.34656644,44.38436389,43.48305011,44.81877685,44.72290442,47.78482502,45.49147306
552.024,44.57075594,44.54920928,43.68677642,45.0215041,44.9189918,47.93580224,45.62049571
551.542,44.79711029,44.6858476,43.86821871,45.20848984,45.08063242,48.07950635,45.74777748
551.059,44.90968408,44.69099254,43.91470806,45.27516065,45.09932065,48.14154235,45.78255228
550.577,44.84871457,44.51127146,43.7804277,45.17207078,44.92106044,48.08725648,45.67094522
550.095,44.68070324,44.20078679,43.53915539,44.97798549,44.60258197,47.96671756,45.45168624
